1719300596440 2.3236985206604004 0
1719300596889 2.0961241722106934 10
1719300597313 1.7072503566741943 20
1719300597783 0.9260115623474121 30
1719300598219 0.5779240131378174 40
1719300598645 0.4170953035354614 50
1719300599094 0.4810906946659088 60
1719300599534 0.43011024594306946 70
1719300600029 0.2789194583892822 80
1719300600448 0.43128013610839844 90
1719300600883 0.2322751134634018 100
1719300601307 0.40505531430244446 110
1719300601747 0.6101775765419006 120
1719300602197 0.3159594237804413 130
1719300602633 0.44130122661590576 140
1719300603068 0.439148873090744 150
1719300603503 0.4869150221347809 160
1719300603944 0.2391064614057541 170
1719300604393 0.3850380778312683 180
1719300604840 0.5512404441833496 190
1719300605290 0.24644316732883453 200
1719300605745 0.26243454217910767 210
1719300606196 0.19806064665317535 220
1719300606642 0.5050486922264099 230
1719300607128 0.13437530398368835 240
1719300607633 0.4772021174430847 250
1719300608245 0.3315542936325073 260
1719300608848 0.2660406231880188 270
1719300609386 0.19401715695858002 280
1719300609863 0.4035177528858185 290
1719300610340 0.17580628395080566 300
1719300610915 0.24820499122142792 310
1719300611640 0.19157107174396515 320
1719300612391 0.26049813628196716 330
1719300613136 0.37912166118621826 340
1719300613943 0.30587300658226013 350
1719300614800 0.2433718740940094 360
1719300615483 0.204995259642601 370
1719300616191 0.1315624713897705 380
1719300616882 0.31745657324790955 390
1719300617534 0.16649314761161804 400
1719300618117 0.2030368596315384 410
1719300618741 0.37939709424972534 420
1719300619375 0.2835656702518463 430
1719300619979 0.21874172985553741 440
1719300620654 0.20192928612232208 450
1719300621456 0.13693685829639435 460
1719300622128 0.19825613498687744 470
1719300622740 0.15536876022815704 480
1719300623363 0.1514359414577484 490
1719300623998 0.15338046848773956 500
1719300624582 0.26167747378349304 510
1719300625241 0.3361537754535675 520
1719300625932 0.11874546110630035 530
1719300626581 0.25999128818511963 540
1719300627318 0.26510435342788696 550
1719300627898 0.17574475705623627 560
1719300628553 0.16483181715011597 570
1719300629142 0.36333534121513367 580
1719300629731 0.12695977091789246 590
1719300630316 0.15135101974010468 600
1719300630963 0.18057137727737427 610
1719300631620 0.1754453182220459 620
1719300632275 0.19280287623405457 630
1719300632890 0.14701172709465027 640
1719300633460 0.10974794626235962 650
1719300634030 0.08280383795499802 660
1719300634601 0.36126789450645447 670
1719300635205 0.06289360672235489 680
1719300635823 0.2553615868091583 690
1719300636433 0.15170717239379883 700
1719300636996 0.16705767810344696 710
1719300637587 0.1405971199274063 720
1719300638164 0.22956113517284393 730
1719300638756 0.08658338338136673 740
1719300639349 0.10257840901613235 750
1719300639936 0.1424284130334854 760
1719300640527 0.16411016881465912 770
1719300641090 0.3080640435218811 780
1719300641667 0.09561698883771896 790
1719300642252 0.06858769804239273 800
1719300642830 0.049144528806209564 810
1719300643464 0.1758183240890503 820
1719300644046 0.1343035250902176 830
1719300644636 0.12421353161334991 840
1719300645273 0.1942482590675354 850
1719300645935 0.15302637219429016 860
1719300646571 0.24341259896755219 870
1719300647158 0.05503042787313461 880
1719300647753 0.18455691635608673 890
1719300648367 0.08712559938430786 900
1719300648903 0.1217166855931282 910
1719300649484 0.16629558801651 920
1719300650129 0.07605839520692825 930
1719300655018 0.1793430894613266 938
1719300655622 0.19697529077529907 948
1719300656398 0.20923714339733124 958
1719300657016 0.15980379283428192 968
1719300657610 0.11636494845151901 978
1719300658307 0.0978715717792511 988
1719300659044 0.04387471824884415 998
1719300659728 0.21627269685268402 1008
1719300660411 0.03223395720124245 1018
1719300661307 0.06533161550760269 1028
1719300662004 0.1013404056429863 1038
1719300662601 0.07354675233364105 1048
1719300663170 0.060851503163576126 1058
1719300663802 0.1380252093076706 1068
1719300664371 0.08520644158124924 1078
1719300664918 0.10773918777704239 1088
1719300665511 0.07278849929571152 1098
1719300666141 0.10591574758291245 1108
1719300666708 0.08316905051469803 1118
1719300667276 0.2225591093301773 1128
1719300667852 0.07539070397615433 1138
1719300668474 0.088187575340271 1148
1719300669403 0.2153424173593521 1158
1719300670169 0.09413634985685349 1168
1719300670772 0.06238424777984619 1178
1719300671355 0.10611513257026672 1188
1719300671936 0.11996764689683914 1198
1719300672570 0.17022110521793365 1208
1719300673206 0.10400402545928955 1218
1719300673781 0.20520776510238647 1228
1719300674409 0.190290629863739 1238
1719300675004 0.0369616337120533 1248
1719300675650 0.07678526639938354 1258
1719300676231 0.14956481754779816 1268
1719300676793 0.08584527671337128 1278
1719300677342 0.13082343339920044 1288
1719300677910 0.21013712882995605 1298
1719300678476 0.25795599818229675 1308
1719300679037 0.015069513581693172 1318
1719300679619 0.20144574344158173 1328
1719300680205 0.19369670748710632 1338
1719300680777 0.09086040407419205 1348
1719300681390 0.2007596492767334 1358
1719300681966 0.07277479022741318 1368
1719300682521 0.09158123284578323 1378
1719300683144 0.1753128319978714 1388
1719300683722 0.03766755387187004 1398
1719300684263 0.12363602221012115 1408
1719300684797 0.18087828159332275 1418
1719300685660 0.10595399886369705 1428
1719300686434 0.10621017962694168 1438
1719300687058 0.10174602270126343 1448
1719300687678 0.11276818066835403 1458
1719300688268 0.0713929682970047 1468
1719300688877 0.09238389879465103 1478
1719300689445 0.02355903387069702 1488
1719300690043 0.1924450695514679 1498
1719300690693 0.2594440281391144 1508
1719300691178 0.06911049783229828 1518
1719300691666 0.10975822061300278 1528
1719300692162 0.06992349773645401 1538
1719300692619 0.08753840625286102 1548
1719300693075 0.14127343893051147 1558
1719300693531 0.06047866493463516 1568
1719300693985 0.18531227111816406 1578
1719300694445 0.11351335793733597 1588
1719300694896 0.02939881756901741 1598
1719300695366 0.05647515505552292 1608
1719300695846 0.054912857711315155 1618
1719300696332 0.05757976695895195 1628
1719300696789 0.15939238667488098 1638
1719300697255 0.10468363761901855 1648
1719300697698 0.06405157595872879 1658
1719300698214 0.14193041622638702 1668
1719300698720 0.061790402978658676 1678
1719300699186 0.13326096534729004 1688
1719300699645 0.09012981504201889 1698
1719300700108 0.1628849357366562 1708
1719300700570 0.05437721684575081 1718
1719300701027 0.017643295228481293 1728
1719300701489 0.30796030163764954 1738
1719300701960 0.07291408628225327 1748
1719300702444 0.04751654714345932 1758
1719300702918 0.08543281257152557 1768
1719300703423 0.15734483301639557 1778
1719300703909 0.17144744098186493 1788
1719300704421 0.14499309659004211 1798
1719300704894 0.1155829131603241 1808
1719300705390 0.15029111504554749 1818
1719300705889 0.12393727898597717 1828
1719300706384 0.04608944430947304 1838
1719300706853 0.10142076760530472 1848
1719300707341 0.17250941693782806 1858
1719300707811 0.039989080280065536 1868
1719300711867 0.03418540954589844 1876
1719300712337 0.06963824480772018 1886
1719300712820 0.13812744617462158 1896
1719300713289 0.11565930396318436 1906
1719300713774 0.14658862352371216 1916
1719300714258 0.044493019580841064 1926
1719300714726 0.06967137008905411 1936
1719300715214 0.04899997264146805 1946
1719300715707 0.06282690912485123 1956
1719300716200 0.09298503398895264 1966
1719300716696 0.0728355273604393 1976
1719300717181 0.022894760593771935 1986
1719300717669 0.07719262689352036 1996
1719300718182 0.05064753070473671 2006
1719300718663 0.09081161022186279 2016
1719300719138 0.09198594093322754 2026
1719300719618 0.05397198721766472 2036
1719300720121 0.035147152841091156 2046
1719300720609 0.08555415272712708 2056
1719300721097 0.08682136237621307 2066
1719300721579 0.06542471051216125 2076
1719300722068 0.12441150099039078 2086
1719300722551 0.030853429809212685 2096
1719300723024 0.06523457914590836 2106
1719300723495 0.027226829901337624 2116
1719300723971 0.07716989517211914 2126
1719300724462 0.06324239820241928 2136
1719300724952 0.14903326332569122 2146
1719300725470 0.09413297474384308 2156
1719300725971 0.06574258953332901 2166
1719300726463 0.059377748519182205 2176
1719300726947 0.2536390721797943 2186
1719300727428 0.011758701875805855 2196
1719300727911 0.06355135142803192 2206
1719300728720 0.13466055691242218 2216
1719300729201 0.07314800471067429 2226
1719300729694 0.01587032712996006 2236
1719300730189 0.03449540212750435 2246
1719300730669 0.15467457473278046 2256
1719300731167 0.10149460285902023 2266
1719300731649 0.09063595533370972 2276
1719300732140 0.043819326907396317 2286
1719300732611 0.04217950627207756 2296
1719300733102 0.1032765731215477 2306
1719300733589 0.032475702464580536 2316
1719300734078 0.06601566076278687 2326
1719300734560 0.038043439388275146 2336
1719300735062 0.05489708110690117 2346
1719300735571 0.05607301741838455 2356
1719300736061 0.04170215129852295 2366
1719300736539 0.048691801726818085 2376
1719300737019 0.12955237925052643 2386
1719300737509 0.03580671176314354 2396
1719300738003 0.12150926142930984 2406
1719300738502 0.11072751879692078 2416
1719300738984 0.03020581789314747 2426
1719300739484 0.062362655997276306 2436
1719300739964 0.09743781387805939 2446
1719300740430 0.03351149708032608 2456
1719300740922 0.0655001625418663 2466
1719300741416 0.06614276021718979 2476
1719300741891 0.11849097162485123 2486
1719300742381 0.07738493382930756 2496
1719300742846 0.032121140509843826 2506
1719300743333 0.07183118164539337 2516
1719300743933 0.02232639119029045 2526
1719300744635 0.06607144325971603 2536
1719300745167 0.07171737402677536 2546
1719300745768 0.06373222917318344 2556
1719300746311 0.03456500545144081 2566
1719300746827 0.13383173942565918 2576
1719300747354 0.05298000946640968 2586
1719300747890 0.025290152058005333 2596
1719300748459 0.06313655525445938 2606
1719300748965 0.14721186459064484 2616
1719300749481 0.03855225816369057 2626
1719300750015 0.0439370833337307 2636
1719300750548 0.07263552397489548 2646
1719300751080 0.041612446308135986 2656
1719300751602 0.006457572337239981 2666
1719300752080 0.011151516810059547 2676
1719300752586 0.060762979090213776 2686
1719300753072 0.12313262373209 2696
1719300753554 0.046111252158880234 2706
1719300754027 0.03750169649720192 2716
1719300754536 0.09605617076158524 2726
1719300755021 0.040829140692949295 2736
1719300755522 0.15058083832263947 2746
1719300756031 0.035606954246759415 2756
1719300756531 0.011491121724247932 2766
1719300757036 0.06918364018201828 2776
1719300757529 0.015322085469961166 2786
1719300758049 0.022379959002137184 2796
1719300758542 0.015599554404616356 2806
1719300762604 0.08373165875673294 2814
1719300763108 0.058512795716524124 2824
1719300763617 0.08085129410028458 2834
1719300764104 0.10105928033590317 2844
1719300764587 0.013470694422721863 2854
1719300765159 0.03508257120847702 2864
1719300765737 0.27165117859840393 2874
1719300766242 0.029952673241496086 2884
1719300766742 0.06874620914459229 2894
1719300767259 0.05588729679584503 2904
1719300767780 0.010602537542581558 2914
1719300768304 0.06900817900896072 2924
1719300768784 0.18982984125614166 2934
1719300769302 0.023662032559514046 2944
1719300769821 0.03822730854153633 2954
1719300770313 0.05185779556632042 2964
1719300770813 0.09265537559986115 2974
1719300771312 0.05899110808968544 2984
1719300771823 0.01036738883703947 2994
1719300772309 0.04223325848579407 3004
1719300772808 0.061939023435115814 3014
1719300773326 0.026659011840820312 3024
1719300773842 0.029307333752512932 3034
1719300774340 0.1796727478504181 3044
1719300774828 0.06234489753842354 3054
1719300775351 0.08250583708286285 3064
1719300775841 0.012605348601937294 3074
1719300776332 0.022308439016342163 3084
1719300776825 0.004444001242518425 3094
1719300777317 0.080622598528862 3104
1719300777822 0.005959650967270136 3114
1719300778343 0.05433983355760574 3124
1719300778829 0.06932856887578964 3134
1719300779319 0.006274309940636158 3144
1719300779813 0.14563171565532684 3154
1719300780307 0.13391271233558655 3164
1719300780785 0.03455366939306259 3174
1719300781271 0.0056946310214698315 3184
1719300781755 0.11423628777265549 3194
1719300782243 0.016485054045915604 3204
1719300782740 0.0753830298781395 3214
1719300783239 0.023633712902665138 3224
1719300783720 0.0649498850107193 3234
1719300784220 0.06231662631034851 3244
1719300784735 0.07538856565952301 3254
1719300785237 0.16456298530101776 3264
1719300785896 0.014973267912864685 3274
1719300786437 0.01944393664598465 3284
1719300786959 0.024365222081542015 3294
1719300787455 0.055983882397413254 3304
1719300787997 0.12296909838914871 3314
1719300788509 0.11857633292675018 3324
1719300789005 0.007312115281820297 3334
1719300789494 0.06819521635770798 3344
1719300789987 0.03513418138027191 3354
1719300790476 0.03480728343129158 3364
1719300790981 0.05724884569644928 3374
1719300791481 0.05804038047790527 3384
1719300791975 0.008067610673606396 3394
1719300792484 0.06670556217432022 3404
1719300792987 0.03028259053826332 3414
1719300793481 0.001499076490290463 3424
1719300793979 0.03847779706120491 3434
1719300794489 0.036213718354701996 3444
1719300794981 0.012775672599673271 3454
1719300795517 0.03120618313550949 3464
1719300796046 0.039580509066581726 3474
1719300796557 0.09371161460876465 3484
1719300797076 0.03408427536487579 3494
1719300797572 0.07713939994573593 3504
1719300798107 0.06909756362438202 3514
1719300798615 0.017842380329966545 3524
1719300799104 0.022834116593003273 3534
1719300799608 0.009880861267447472 3544
1719300800117 0.30354589223861694 3554
1719300800621 0.030387941747903824 3564
1719300801131 0.2056351900100708 3574
1719300801623 0.05942162498831749 3584
1719300802136 0.03891458734869957 3594
1719300802663 0.016139628365635872 3604
1719300803169 0.1799956113100052 3614
1719300803658 0.028703536838293076 3624
1719300804158 0.04062239080667496 3634
1719300804657 0.040153488516807556 3644
1719300805161 0.02330227568745613 3654
1719300805772 0.006752772722393274 3664
1719300806298 0.08522378653287888 3674
1719300806793 0.0333000086247921 3684
1719300807289 0.058294907212257385 3694
1719300807790 0.03856884315609932 3704
1719300808316 0.1277143508195877 3714
1719300808821 0.0563129298388958 3724
1719300809317 0.07893361896276474 3734
1719300809811 0.023586610332131386 3744
1719300813906 0.08680778741836548 3752
1719300814380 0.22203229367733002 3762
1719300814884 0.031233787536621094 3772
1719300815392 0.23864997923374176 3782
1719300815891 0.04246368631720543 3792
1719300816383 0.009188898839056492 3802
1719300816884 0.006511365529149771 3812
1719300817394 0.010242901742458344 3822
1719300817922 0.06261210888624191 3832
1719300818417 0.021388862282037735 3842
1719300818914 0.11549288779497147 3852
1719300819437 0.08934242278337479 3862
1719300819930 0.09795723855495453 3872
1719300820415 0.06960466504096985 3882
1719300820906 0.030978046357631683 3892
1719300821424 0.012919607572257519 3902
1719300821918 0.09669050574302673 3912
1719300822399 0.02450614795088768 3922
1719300822875 0.010659763589501381 3932
1719300823373 0.006817324087023735 3942
1719300823868 0.08684969693422318 3952
1719300824364 0.025928465649485588 3962
1719300824853 0.015993347391486168 3972
1719300825393 0.023449860513210297 3982
1719300825947 0.006677437108010054 3992
1719300826447 0.06460737437009811 4002
1719300826943 0.021058691665530205 4012
1719300827451 0.022767439484596252 4022
1719300827973 0.07902263849973679 4032
1719300828508 0.03614218905568123 4042
1719300828996 0.09230668842792511 4052
1719300829509 0.012260370887815952 4062
1719300830039 0.02775314636528492 4072
1719300830535 0.022434864193201065 4082
1719300831031 0.16393670439720154 4092
1719300831536 0.1094251424074173 4102
1719300832059 0.012082474306225777 4112
1719300832564 0.013284523971378803 4122
1719300833058 0.01856219582259655 4132
1719300833542 0.15068049728870392 4142
1719300834029 0.06270123273134232 4152
1719300834562 0.017687398940324783 4162
1719300835052 0.04083988070487976 4172
1719300835562 0.009289273992180824 4182
1719300836065 0.036189790815114975 4192
1719300836583 0.021517105400562286 4202
1719300837081 0.018800629302859306 4212
1719300837565 0.0173695869743824 4222
1719300838099 0.01059178076684475 4232
1719300838612 0.07217525690793991 4242
1719300839115 0.01650162972509861 4252
1719300839606 0.11143270134925842 4262
1719300840120 0.15629294514656067 4272
1719300840651 0.02782989665865898 4282
1719300841159 0.11106815934181213 4292
1719300841646 0.01626010239124298 4302
1719300842142 0.07980119436979294 4312
1719300842656 0.05422762781381607 4322
1719300843166 0.023661168292164803 4332
1719300843726 0.038326576352119446 4342
1719300844219 0.009035337716341019 4352
1719300844719 0.02377523109316826 4362
1719300845234 0.01828654482960701 4372
1719300845762 0.07087147235870361 4382
1719300846278 0.06613896042108536 4392
1719300846809 0.0384097583591938 4402
1719300847323 0.019890224561095238 4412
1719300847824 0.004163336008787155 4422
1719300848335 0.07684402912855148 4432
1719300848836 0.03661997988820076 4442
1719300849349 0.014462379738688469 4452
1719300849847 0.10014209151268005 4462
1719300850378 0.16260004043579102 4472
1719300851017 0.018382778391242027 4482
1719300851655 0.10533881932497025 4492
1719300852173 0.017074894160032272 4502
1719300852686 0.007440169341862202 4512
1719300853222 0.02225899137556553 4522
1719300853807 0.007454395294189453 4532
1719300854518 0.05140530318021774 4542
1719300855054 0.016157155856490135 4552
1719300855580 0.03182714059948921 4562
1719300856133 0.012618030421435833 4572
1719300856631 0.041689205914735794 4582
1719300857148 0.008345154114067554 4592
1719300857648 0.04719969630241394 4602
1719300858182 0.06828389316797256 4612
1719300858683 0.028498223051428795 4622
1719300859201 0.06285450607538223 4632
1719300859715 0.10771889984607697 4642
1719300860229 0.004951787181198597 4652
1719300860743 0.03382950276136398 4662
1719300861254 0.04724157229065895 4672
1719300861765 0.03124392032623291 4682
