1719309456348 2.3196582794189453 0
1719309457099 2.168957471847534 10
1719309457823 1.815359115600586 20
1719309458487 1.2395578622817993 30
1719309459169 0.8206648230552673 40
1719309459879 0.7773011922836304 50
1719309459368 0.43079516291618347 60
1719309460045 0.4249696433544159 70
1719309460727 0.5270522236824036 80
1719309461398 0.4880310595035553 90
1719309462074 0.4162372648715973 100
1719309462752 0.6391653418540955 110
1719309463436 0.33802053332328796 120
1719309464128 0.38049906492233276 130
1719309464840 0.20583641529083252 140
1719309465521 0.32330262660980225 150
1719309466183 0.23177216947078705 160
1719309466863 0.2518821060657501 170
1719309467568 0.36496835947036743 180
1719309468253 0.33715352416038513 190
1719309468908 0.2170519381761551 200
1719309469615 0.36814939975738525 210
1719309470289 0.34671464562416077 220
1719309470965 0.34613049030303955 230
1719309471695 0.2482122778892517 240
1719309472396 0.3175925314426422 250
1719309473088 0.3363223671913147 260
1719309473795 0.43766167759895325 270
1719309474573 0.33976122736930847 280
1719309475307 0.4251720607280731 290
1719309476006 0.37132886052131653 300
1719309476784 0.26078498363494873 310
1719309477775 0.5209904909133911 320
1719309478446 0.26735690236091614 330
1719309479149 0.32994842529296875 340
1719309479833 0.2674179673194885 350
1719309480519 0.5276498198509216 360
1719309481224 0.20784983038902283 370
1719309481899 0.24267271161079407 380
1719309482589 0.16587309539318085 390
1719309483293 0.2553148865699768 400
1719309483987 0.3688946068286896 410
1719309484711 0.30035141110420227 420
1719309485444 0.16632169485092163 430
1719309486165 0.16832135617733002 440
1719309487245 0.17507995665073395 450
1719309487987 0.3624732792377472 460
1719309488687 0.22764357924461365 470
1719309489368 0.4476304352283478 480
1719309490042 0.11976330727338791 490
1719309490783 0.08542681485414505 500
1719309491486 0.20939427614212036 510
1719309492184 0.20081982016563416 520
1719309492886 0.26169005036354065 530
1719309493603 0.1572645902633667 540
1719309494320 0.23185232281684875 550
1719309494974 0.21648646891117096 560
1719309495737 0.20584458112716675 570
1719309496401 0.1625542938709259 580
1719309497055 0.2804436683654785 590
1719309497746 0.09720621258020401 600
1719309498436 0.3163018226623535 610
1719309499089 0.16771389544010162 620
1719309499762 0.21725815534591675 630
1719309500435 0.19962823390960693 640
1719309501076 0.34456977248191833 650
1719309501729 0.15127670764923096 660
1719309502401 0.07927451282739639 670
1719309503010 0.2029268592596054 680
1719309503606 0.20544327795505524 690
1719309504208 0.278849333524704 700
1719309504882 0.09048553556203842 710
1719309505578 0.364362895488739 720
1719309506231 0.24996793270111084 730
1719309506864 0.17679175734519958 740
1719309507519 0.12743693590164185 750
1719309508226 0.23660647869110107 760
1719309508870 0.06822743266820908 770
1719309509527 0.18003599345684052 780
1719309510187 0.17575937509536743 790
1719309510835 0.1422896832227707 800
1719309511485 0.310162216424942 810
1719309512146 0.09476161748170853 820
1719309512832 0.18164470791816711 830
1719309513502 0.09402517974376678 840
1719309514182 0.12757110595703125 850
1719309514941 0.04886589199304581 860
1719309515623 0.16170848906040192 870
1719309516283 0.18666388094425201 880
1719309517063 0.06628603488206863 890
1719309517781 0.1258973926305771 900
1719309518426 0.05640563368797302 910
1719309519082 0.1355864554643631 920
1719309519747 0.2649002969264984 930
1719309525596 0.2931872010231018 938
1719309526271 0.16334685683250427 948
1719309526919 0.16590850055217743 958
1719309527595 0.04097984358668327 968
1719309528316 0.14644761383533478 978
1719309529002 0.2124851942062378 988
1719309529649 0.27332332730293274 998
1719309530339 0.21997348964214325 1008
1719309531012 0.06320390105247498 1018
1719309531670 0.03577166795730591 1028
1719309532350 0.06981953233480453 1038
1719309533051 0.03833479806780815 1048
1719309533733 0.21850022673606873 1058
1719309534402 0.10308067500591278 1068
1719309535140 0.3188283443450928 1078
1719309535828 0.1877088099718094 1088
1719309536501 0.08321484178304672 1098
1719309537205 0.06485475599765778 1108
1719309537904 0.10413750261068344 1118
1719309538594 0.06549272686243057 1128
1719309539293 0.1397133469581604 1138
1719309539944 0.05250983312726021 1148
1719309540609 0.19032078981399536 1158
1719309541278 0.11872734129428864 1168
1719309541958 0.07971969246864319 1178
1719309542616 0.1333167403936386 1188
1719309543294 0.0902504250407219 1198
1719309543984 0.04359724000096321 1208
1719309544638 0.10519677400588989 1218
1719309545340 0.24814508855342865 1228
1719309546062 0.07514020055532455 1238
1719309546729 0.11472786217927933 1248
1719309547390 0.090326227247715 1258
1719309548108 0.1351718306541443 1268
1719309548761 0.20776598155498505 1278
1719309549407 0.03905264660716057 1288
1719309550118 0.12076986581087112 1298
1719309550879 0.13733811676502228 1308
1719309551556 0.05287890508770943 1318
1719309552231 0.12804830074310303 1328
1719309552928 0.12287379056215286 1338
1719309553605 0.07242652773857117 1348
1719309554274 0.1329333782196045 1358
1719309555069 0.17216067016124725 1368
1719309555785 0.04166683182120323 1378
1719309556450 0.11966507136821747 1388
1719309557140 0.09253453463315964 1398
1719309557865 0.10988418757915497 1408
1719309558532 0.12389460951089859 1418
1719309559241 0.18474344909191132 1428
1719309559895 0.08104012161493301 1438
1719309560551 0.16851311922073364 1448
1719309561215 0.09909649193286896 1458
1719309561915 0.20429269969463348 1468
1719309562585 0.02589176781475544 1478
1719309563255 0.08319742232561111 1488
1719309563941 0.13028429448604584 1498
1719309564600 0.21338941156864166 1508
1719309565396 0.08826172351837158 1518
1719309566088 0.2657719850540161 1528
1719309566748 0.11775185912847519 1538
1719309567406 0.13076689839363098 1548
1719309568137 0.1437148153781891 1558
1719309568813 0.08698056638240814 1568
1719309569468 0.0751408115029335 1578
1719309570150 0.2100476771593094 1588
1719309570829 0.08668684214353561 1598
1719309571488 0.1343088299036026 1608
1719309572146 0.10451855510473251 1618
1719309572826 0.09737613052129745 1628
1719309573484 0.0537739060819149 1638
1719309574138 0.24602943658828735 1648
1719309574869 0.04851539060473442 1658
1719309575601 0.050694216042757034 1668
1719309576254 0.03210780397057533 1678
1719309576888 0.026047635823488235 1688
1719309577627 0.10122601687908173 1698
1719309578311 0.03399689868092537 1708
1719309578969 0.043660812079906464 1718
1719309579741 0.04285351559519768 1728
1719309580387 0.08468452841043472 1738
1719309581034 0.1253867894411087 1748
1719309581712 0.09222828596830368 1758
1719309582367 0.2169811725616455 1768
1719309583025 0.15869027376174927 1778
1719309583705 0.1328178346157074 1788
1719309584385 0.1980266124010086 1798
1719309585113 0.03466090187430382 1808
1719309585784 0.07228682935237885 1818
1719309586447 0.014100444503128529 1828
1719309587121 0.11558333784341812 1838
1719309587805 0.13197526335716248 1848
1719309588480 0.07869938015937805 1858
1719309589152 0.04748687148094177 1868
1719309594808 0.07289883494377136 1876
1719309595519 0.025774750858545303 1886
1719309596198 0.048414118587970734 1896
1719309596857 0.05360647290945053 1906
1719309597537 0.05505074933171272 1916
1719309598220 0.07337938249111176 1926
1719309598885 0.17453767359256744 1936
1719309599563 0.1059412732720375 1946
1719309600223 0.034247174859046936 1956
1719309600881 0.028688136488199234 1966
1719309601574 0.01759018562734127 1976
1719309602233 0.019749192520976067 1986
1719309602884 0.053063731640577316 1996
1719309603546 0.06241079047322273 2006
1719309604218 0.07954207807779312 2016
1719309604880 0.07884835451841354 2026
1719309605706 0.04232300817966461 2036
1719309606463 0.03149745985865593 2046
1719309607081 0.14735157787799835 2056
1719309607789 0.058364253491163254 2066
1719309608472 0.03216687962412834 2076
1719309609121 0.05203833058476448 2086
1719309609771 0.06382715702056885 2096
1719309610458 0.04434780403971672 2106
1719309611132 0.03687318414449692 2116
1719309611774 0.039450161159038544 2126
1719309612438 0.07408858835697174 2136
1719309613113 0.04852665588259697 2146
1719309613764 0.14337855577468872 2156
1719309614429 0.07521481812000275 2166
1719309615183 0.1127379834651947 2176
1719309615889 0.03229701519012451 2186
1719309616573 0.054322727024555206 2196
1719309617268 0.03364092484116554 2206
1719309618034 0.03561398386955261 2216
1719309618742 0.04629155248403549 2226
1719309619496 0.015486259013414383 2236
1719309620166 0.043196797370910645 2246
1719309620810 0.02100721001625061 2256
1719309621487 0.03667699545621872 2266
1719309622154 0.21885032951831818 2276
1719309622810 0.08604013919830322 2286
1719309623473 0.10593995451927185 2296
1719309624171 0.07556837052106857 2306
1719309624933 0.1569506824016571 2316
1719309625648 0.06420857459306717 2326
1719309626326 0.036225322633981705 2336
1719309626987 0.0871710330247879 2346
1719309627696 0.02636478841304779 2356
1719309628386 0.07670116424560547 2366
1719309629045 0.055349599570035934 2376
1719309629725 0.05325156822800636 2386
1719309630481 0.05741371214389801 2396
1719309631147 0.029540637508034706 2406
1719309631820 0.031197089701890945 2416
1719309632473 0.0153651162981987 2426
1719309633187 0.06771980226039886 2436
1719309633859 0.06773699820041656 2446
1719309634542 0.006951788440346718 2456
1719309635296 0.09290209412574768 2466
1719309636009 0.13189594447612762 2476
1719309636701 0.033333197236061096 2486
1719309637391 0.0638359934091568 2496
1719309638120 0.05835149437189102 2506
1719309638793 0.025472931563854218 2516
1719309639491 0.02768394723534584 2526
1719309640172 0.060686688870191574 2536
1719309640835 0.034972675144672394 2546
1719309641526 0.04312888905405998 2556
1719309642204 0.026082929223775864 2566
1719309642852 0.13751932978630066 2576
1719309643524 0.04000088572502136 2586
1719309644212 0.07500498741865158 2596
1719309644918 0.1501290500164032 2606
1719309645626 0.12728068232536316 2616
1719309646306 0.15217304229736328 2626
1719309646980 0.103554368019104 2636
1719309647703 0.10034161806106567 2646
1719309648411 0.045388855040073395 2656
1719309649099 0.03151298314332962 2666
1719309649829 0.025446239858865738 2676
1719309650516 0.025944646447896957 2686
1719309651182 0.06591580808162689 2696
1719309651848 0.021916871890425682 2706
1719309652516 0.04302744194865227 2716
1719309653205 0.03680785745382309 2726
1719309653870 0.03129694238305092 2736
1719309654551 0.024893557652831078 2746
1719309655311 0.1394631415605545 2756
1719309656013 0.02038067765533924 2766
1719309656676 0.008670488372445107 2776
1719309657350 0.1366138756275177 2786
1719309658056 0.09334907680749893 2796
1719309658714 0.08321373909711838 2806
1719309664493 0.03650250285863876 2814
1719309665193 0.11540975421667099 2824
1719309665876 0.013455672189593315 2834
1719309666558 0.021747052669525146 2844
1719309667194 0.011224733665585518 2854
1719309667892 0.08221661299467087 2864
1719309668582 0.06892259418964386 2874
1719309669237 0.028455983847379684 2884
1719309669883 0.0428958460688591 2894
1719309670567 0.01664171926677227 2904
1719309671222 0.02728632651269436 2914
1719309671883 0.014671754091978073 2924
1719309672553 0.11065354198217392 2934
1719309673251 0.05404273420572281 2944
1719309673899 0.07233129441738129 2954
1719309674551 0.014460734091699123 2964
1719309675273 0.28092873096466064 2974
1719309675967 0.09410815685987473 2984
1719309676627 0.016492223367094994 2994
1719309677310 0.0785730630159378 3004
1719309678006 0.05348150059580803 3014
1719309678653 0.02159726992249489 3024
1719309679340 0.035125765949487686 3034
1719309680012 0.011326189152896404 3044
1719309680806 0.04967375099658966 3054
1719309681745 0.08588971942663193 3064
1719309682426 0.060605570673942566 3074
1719309683082 0.005168108735233545 3084
1719309683745 0.07081298530101776 3094
1719309684439 0.043280404061079025 3104
1719309685214 0.06502901762723923 3114
1719309685912 0.0205175019800663 3124
1719309686609 0.008246732875704765 3134
1719309687269 0.07028604298830032 3144
1719309687975 0.05282481759786606 3154
1719309688633 0.040444985032081604 3164
1719309689312 0.009277698583900928 3174
1719309689986 0.04884694516658783 3184
1719309690669 0.0362362377345562 3194
1719309691329 0.013219079002737999 3204
1719309691993 0.012656358070671558 3214
1719309692650 0.02808111347258091 3224
1719309693332 0.04265452176332474 3234
1719309693985 0.012813880108296871 3244
1719309694636 0.031423140317201614 3254
1719309695378 0.01282423548400402 3264
1719309696060 0.014800646342337132 3274
1719309696815 0.012571346014738083 3284
1719309697680 0.0282056275755167 3294
1719309698326 0.016920462250709534 3304
1719309698979 0.012386573478579521 3314
1719309699692 0.04068616405129433 3324
1719309700349 0.047246672213077545 3334
1719309700993 0.018095288425683975 3344
1719309701679 0.04638923704624176 3354
1719309702323 0.07298050075769424 3364
1719309702976 0.021753139793872833 3374
1719309703631 0.029256481677293777 3384
1719309704300 0.020123010501265526 3394
1719309705031 0.012409145943820477 3404
1719309705696 0.04219508916139603 3414
1719309706385 0.03943745419383049 3424
1719309707044 0.05084165558218956 3434
1719309707738 0.03141574561595917 3444
1719309708419 0.03531036525964737 3454
1719309709075 0.07247943431138992 3464
1719309709738 0.10643544048070908 3474
1719309710431 0.013896877877414227 3484
1719309711085 0.060610391199588776 3494
1719309711769 0.03562982380390167 3504
1719309712440 0.05700436234474182 3514
1719309713133 0.023572249338030815 3524
1719309713808 0.011234249919652939 3534
1719309714497 0.11862685531377792 3544
1719309715217 0.07526231557130814 3554
1719309715881 0.02091321535408497 3564
1719309716540 0.04058591648936272 3574
1719309717296 0.03707409277558327 3584
1719309718018 0.07162054628133774 3594
1719309718668 0.02577289193868637 3604
1719309719378 0.06467197090387344 3614
1719309720041 0.011024119332432747 3624
1719309720708 0.021421264857053757 3634
1719309721372 0.01509090419858694 3644
1719309722070 0.039272747933864594 3654
1719309722730 0.06412117928266525 3664
1719309723395 0.0917937234044075 3674
1719309724087 0.04856647923588753 3684
1719309724754 0.07067230343818665 3694
1719309725427 0.14856071770191193 3704
1719309726176 0.06636905670166016 3714
1719309726892 0.020379027351737022 3724
1719309727601 0.013439556583762169 3734
1719309728363 0.008364779874682426 3744
1719309734039 0.027799952775239944 3752
1719309734742 0.07441063970327377 3762
1719309735463 0.1092180535197258 3772
1719309736180 0.0702981948852539 3782
1719309736872 0.08625534176826477 3792
1719309737583 0.024020088836550713 3802
1719309738292 0.03176392242312431 3812
1719309738971 0.039618656039237976 3822
1719309739663 0.019740259274840355 3832
1719309740319 0.016858793795108795 3842
1719309740991 0.03088015504181385 3852
1719309741672 0.08138053864240646 3862
1719309742326 0.018352799117565155 3872
1719309742981 0.047964319586753845 3882
1719309743671 0.029073741286993027 3892
1719309744340 0.005394882056862116 3902
1719309745091 0.02097906544804573 3912
1719309745823 0.01754232496023178 3922
1719309746500 0.02965874969959259 3932
1719309747183 0.07342427968978882 3942
1719309747889 0.03300556167960167 3952
1719309748606 0.06873269379138947 3962
1719309749263 0.04658680781722069 3972
1719309749918 0.14818966388702393 3982
1719309750597 0.06890957802534103 3992
1719309751263 0.14408089220523834 4002
1719309751926 0.04613899812102318 4012
1719309752622 0.012704279273748398 4022
1719309753296 0.028393780812621117 4032
1719309753988 0.02533690631389618 4042
1719309754667 0.03492111340165138 4052
1719309755391 0.009719936177134514 4062
1719309756092 0.025162940844893456 4072
1719309756736 0.014542708173394203 4082
1719309757417 0.03365444764494896 4092
1719309758138 0.03016671910881996 4102
1719309758781 0.04872048273682594 4112
1719309759456 0.02226140722632408 4122
1719309760126 0.039171237498521805 4132
1719309760866 0.009534215554594994 4142
1719309761948 0.051807522773742676 4152
1719309762772 0.009702760726213455 4162
1719309763501 0.008202286437153816 4172
1719309764241 0.09132200479507446 4182
1719309764980 0.03113741986453533 4192
1719309765752 0.11816679686307907 4202
1719309766428 0.005212078802287579 4212
1719309767117 0.011736850254237652 4222
1719309767836 0.046994492411613464 4232
1719309768609 0.009915022179484367 4242
1719309769319 0.04855802282691002 4252
1719309769995 0.021608885377645493 4262
1719309770685 0.015879346057772636 4272
1719309771478 0.04065769538283348 4282
1719309772232 0.020144034177064896 4292
1719309773000 0.004315891303122044 4302
1719309773722 0.01867992989718914 4312
1719309774462 0.14787514507770538 4322
1719309775390 0.03372484818100929 4332
1719309776459 0.007900362834334373 4342
1719309777347 0.09010981768369675 4352
1719309778062 0.0950588658452034 4362
1719309778894 0.045060932636260986 4372
1719309779619 0.03748859837651253 4382
1719309780340 0.03984561562538147 4392
1719309781131 0.017548874020576477 4402
1719309781900 0.1068597063422203 4412
1719309782626 0.042554162442684174 4422
1719309783296 0.05264243856072426 4432
1719309783996 0.010647093877196312 4442
1719309784681 0.003856015857309103 4452
1719309785414 0.010724096558988094 4462
1719309786182 0.005475529469549656 4472
1719309786893 0.04015684500336647 4482
1719309787641 0.10161329805850983 4492
1719309788365 0.14694049954414368 4502
1719309789023 0.0034017697907984257 4512
1719309789700 0.02463771030306816 4522
1719309790368 0.0028156703338027 4532
1719309791093 0.013546067290008068 4542
1719309791781 0.02563723549246788 4552
1719309792455 0.016104981303215027 4562
1719309793155 0.01460354309529066 4572
1719309793831 0.03196940943598747 4582
1719309794518 0.006510031409561634 4592
1719309795253 0.031972382217645645 4602
1719309795930 0.07797474414110184 4612
1719309796586 0.009957623668015003 4622
1719309797278 0.025093358010053635 4632
1719309797982 0.0057358876802027225 4642
1719309798646 0.022184254601597786 4652
1719309799315 0.042385686188936234 4662
1719309799990 0.013153213076293468 4672
1719309800633 0.031050970777869225 4682
