1719309865158 2.305795669555664 0
1719309865867 2.1694107055664062 10
1719309866625 1.8431469202041626 20
1719309867369 1.19517982006073 30
1719309868079 0.9369121789932251 40
1719309868786 0.6892311573028564 50
1719309869525 0.5628300905227661 60
1719309870320 0.5724527835845947 70
1719309871047 0.336883544921875 80
1719309871739 0.4230242371559143 90
1719309872441 0.5921207070350647 100
1719309873181 0.4070177674293518 110
1719309873849 0.6356934309005737 120
1719309874523 0.29572075605392456 130
1719309875287 0.7530457377433777 140
1719309875969 0.7569986581802368 150
1719309876636 0.4068704843521118 160
1719309877372 0.2758506238460541 170
1719309878048 0.1808280050754547 180
1719309878712 0.2971338927745819 190
1719309879441 0.32392165064811707 200
1719309880115 0.29230812191963196 210
1719309880783 0.24588064849376678 220
1719309881589 0.26281923055648804 230
1719309882306 0.31526148319244385 240
1719309882980 0.21606729924678802 250
1719309883650 0.24046948552131653 260
1719309884355 0.3621036410331726 270
1719309885035 0.3370114266872406 280
1719309885699 0.16275553405284882 290
1719309886397 0.22295968234539032 300
1719309887111 0.31149429082870483 310
1719309887797 0.16091862320899963 320
1719309888488 0.2806098163127899 330
1719309889187 0.23692519962787628 340
1719309889913 0.17644166946411133 350
1719309890620 0.1827499121427536 360
1719309891361 0.2714445888996124 370
1719309892047 0.4523327052593231 380
1719309892752 0.45004919171333313 390
1719309893421 0.2665095627307892 400
1719309894099 0.16661086678504944 410
1719309894758 0.23458309471607208 420
1719309895471 0.25333890318870544 430
1719309896210 0.08210544288158417 440
1719309896899 0.22262424230575562 450
1719309897617 0.27161046862602234 460
1719309898290 0.15917374193668365 470
1719309898962 0.3212429881095886 480
1719309899707 0.38982266187667847 490
1719309900398 0.3378220796585083 500
1719309901109 0.3873541057109833 510
1719309901820 0.2434108555316925 520
1719309902519 0.14076265692710876 530
1719309903186 0.2685149908065796 540
1719309903874 0.11841884255409241 550
1719309904559 0.1248130351305008 560
1719309905247 0.13066087663173676 570
1719309905911 0.33490419387817383 580
1719309906625 0.0664767399430275 590
1719309907305 0.14795005321502686 600
1719309908037 0.1870652735233307 610
1719309908760 0.42443716526031494 620
1719309909454 0.13679975271224976 630
1719309910105 0.1280585378408432 640
1719309910798 0.31838521361351013 650
1719309911465 0.178316131234169 660
1719309912116 0.21305117011070251 670
1719309912813 0.11344294250011444 680
1719309913483 0.04313657432794571 690
1719309914139 0.16317729651927948 700
1719309914830 0.19745154678821564 710
1719309915492 0.15806545317173004 720
1719309916145 0.09338511526584625 730
1719309916826 0.16744562983512878 740
1719309917541 0.31680136919021606 750
1719309918229 0.294977605342865 760
1719309918898 0.11076939105987549 770
1719309919663 0.08410321176052094 780
1719309920406 0.11237037181854248 790
1719309921084 0.15426740050315857 800
1719309921773 0.222146674990654 810
1719309922428 0.11420381814241409 820
1719309923097 0.19924721121788025 830
1719309923789 0.1531108170747757 840
1719309924485 0.1876818835735321 850
1719309925195 0.06941824406385422 860
1719309925881 0.20948046445846558 870
1719309926580 0.1280221939086914 880
1719309927281 0.13881738483905792 890
1719309927984 0.07410899549722672 900
1719309928688 0.21371495723724365 910
1719309929349 0.12476420402526855 920
1719309930031 0.13997666537761688 930
1719309935282 0.30142927169799805 938
1719309935943 0.2185860127210617 948
1719309936658 0.1437978595495224 958
1719309937408 0.1298374980688095 968
1719309938080 0.1537507176399231 978
1719309938744 0.23350705206394196 988
1719309939468 0.05740515515208244 998
1719309940123 0.05996997281908989 1008
1719309940779 0.06963977962732315 1018
1719309941448 0.062037814408540726 1028
1719309942118 0.04771079495549202 1038
1719309942785 0.13442040979862213 1048
1719309943434 0.2675774395465851 1058
1719309944109 0.09351194649934769 1068
1719309944777 0.2147095948457718 1078
1719309945433 0.1543044000864029 1088
1719309946136 0.2686569094657898 1098
1719309946840 0.2581987977027893 1108
1719309947545 0.11129771173000336 1118
1719309948244 0.1296025663614273 1128
1719309948926 0.1461772322654724 1138
1719309949634 0.1616392880678177 1148
1719309950300 0.16160550713539124 1158
1719309950982 0.1358012855052948 1168
1719309951647 0.06356465071439743 1178
1719309952300 0.07897333055734634 1188
1719309952978 0.16804786026477814 1198
1719309953628 0.2552759349346161 1208
1719309954309 0.14370669424533844 1218
1719309954983 0.08528080582618713 1228
1719309955645 0.15831351280212402 1238
1719309956308 0.1187981590628624 1248
1719309957002 0.029038162901997566 1258
1719309957713 0.24470461905002594 1268
1719309958388 0.15131554007530212 1278
1719309959055 0.049810051918029785 1288
1719309959778 0.17571231722831726 1298
1719309960430 0.11823982000350952 1308
1719309961087 0.07172069698572159 1318
1719309961773 0.14022360742092133 1328
1719309962429 0.07537619024515152 1338
1719309963092 0.10110290348529816 1348
1719309963743 0.24642357230186462 1358
1719309964423 0.25292372703552246 1368
1719309965084 0.055066436529159546 1378
1719309965732 0.08990702033042908 1388
1719309966339 0.061490193009376526 1398
1719309967027 0.07764483243227005 1408
1719309967698 0.040595874190330505 1418
1719309967650 0.07640506327152252 1428
1719309968307 0.06076836958527565 1438
1719309968999 0.05169692635536194 1448
1719309969664 0.12188439071178436 1458
1719309970327 0.04616974666714668 1468
1719309970985 0.024074889719486237 1478
1719309971627 0.03291710838675499 1488
1719309972316 0.048982810229063034 1498
1719309972981 0.055071957409381866 1508
1719309973639 0.09598398953676224 1518
1719309974319 0.1534360945224762 1528
1719309974973 0.15464524924755096 1538
1719309975630 0.15871261060237885 1548
1719309976335 0.08670215308666229 1558
1719309977043 0.05221328139305115 1568
1719309977724 0.08643006533384323 1578
1719309978384 0.04888218641281128 1588
1719309979157 0.1011306419968605 1598
1719309979910 0.03536824509501457 1608
1719309980602 0.04607648029923439 1618
1719309981314 0.12210851162672043 1628
1719309981987 0.0864085778594017 1638
1719309982680 0.18911996483802795 1648
1719309983396 0.08160796016454697 1658
1719309984095 0.07029302418231964 1668
1719309984840 0.1101025864481926 1678
1719309985593 0.22578832507133484 1688
1719309986344 0.10678872466087341 1698
1719309987075 0.10285796970129013 1708
1719309987837 0.026984360069036484 1718
1719309988600 0.053060196340084076 1728
1719309989325 0.08543321490287781 1738
1719309990603 0.08609972149133682 1748
1719309991317 0.053696129471063614 1758
1719309991963 0.08603175729513168 1768
1719309992636 0.3261227607727051 1778
1719309993475 0.11944591253995895 1788
1719309994195 0.02063264511525631 1798
1719309994886 0.06595194339752197 1808
1719309995458 0.12676067650318146 1818
1719309996123 0.01704365387558937 1828
1719309996808 0.1397293359041214 1838
1719309996887 0.10411316156387329 1848
1719309997591 0.024899233132600784 1858
1719309998266 0.05974379926919937 1868
1719310003856 0.07911056280136108 1876
1719310004559 0.02024982124567032 1886
1719310005232 0.04600314050912857 1896
1719310005932 0.09919655323028564 1906
1719310006675 0.10376496613025665 1916
1719310007385 0.015161444433033466 1926
1719310008097 0.13418424129486084 1936
1719310008781 0.030002348124980927 1946
1719310009537 0.22145698964595795 1956
1719310010246 0.1849990338087082 1966
1719310010915 0.07043571025133133 1976
1719310011605 0.08381783217191696 1986
1719310012291 0.025780437514185905 1996
1719310012995 0.03517061844468117 2006
1719310013682 0.1097409799695015 2016
1719310014387 0.08291157335042953 2026
1719310015105 0.0737723708152771 2036
1719310015782 0.0882074162364006 2046
1719310016489 0.03795691207051277 2056
1719310017210 0.018950194120407104 2066
1719310017896 0.061758991330862045 2076
1719310018571 0.24477140605449677 2086
1719310019266 0.09561799466609955 2096
1719310020062 0.055545490235090256 2106
1719310020749 0.026540644466876984 2116
1719310021453 0.029633594676852226 2126
1719310022137 0.022412296384572983 2136
1719310022812 0.04600628465414047 2146
1719310023463 0.01992570236325264 2156
1719310024173 0.03276076167821884 2166
1719310024751 0.06736095249652863 2176
1719310025420 0.053711291402578354 2186
1719310025685 0.037379778921604156 2196
1719310026408 0.01662416383624077 2206
1719310027129 0.020190291106700897 2216
1719310027847 0.03906640782952309 2226
1719310028553 0.13082149624824524 2236
1719310029271 0.029355788603425026 2246
1719310029965 0.021099716424942017 2256
1719310030667 0.08204694092273712 2266
1719310031345 0.042122047394514084 2276
1719310032012 0.05541055649518967 2286
1719310032705 0.03223523125052452 2296
1719310033383 0.01565225049853325 2306
1719310034126 0.04928802326321602 2316
1719310034843 0.11055514961481094 2326
1719310035522 0.04279470816254616 2336
1719310036206 0.08538701385259628 2346
1719310036966 0.01807626523077488 2356
1719310037686 0.06282158941030502 2366
1719310038401 0.046511322259902954 2376
1719310039091 0.031465549021959305 2386
1719310039815 0.05942870303988457 2396
1719310040569 0.03747856989502907 2406
1719310041289 0.129991352558136 2416
1719310041991 0.04365059733390808 2426
1719310042674 0.014005324803292751 2436
1719310043357 0.030060982331633568 2446
1719310044051 0.06931397318840027 2456
1719310044726 0.012691098265349865 2466
1719310045419 0.11378704011440277 2476
1719310046129 0.02914087288081646 2486
1719310046804 0.12495403736829758 2496
1719310047593 0.0196476262062788 2506
1719310048299 0.015064452774822712 2516
1719310048961 0.07323592156171799 2526
1719310049630 0.08278968930244446 2536
1719310050308 0.08511830866336823 2546
1719310051002 0.12731000781059265 2556
1719310051658 0.13624607026576996 2566
1719310052314 0.09017161279916763 2576
1719310052988 0.03710732236504555 2586
1719310053648 0.08038230985403061 2596
1719310053974 0.029540404677391052 2606
1719310054660 0.03825908899307251 2616
1719310055325 0.06747864931821823 2626
1719310055986 0.23328149318695068 2636
1719310055310 0.10763271898031235 2646
1719310056056 0.022181546315550804 2656
1719310056770 0.04176798090338707 2666
1719310057436 0.11916281282901764 2676
1719310058120 0.0721820518374443 2686
1719310058806 0.03151268884539604 2696
1719310059462 0.11997710168361664 2706
1719310060174 0.021730171516537666 2716
1719310060841 0.083732970058918 2726
1719310061521 0.024354202672839165 2736
1719310062211 0.026469701901078224 2746
1719310062925 0.07252802699804306 2756
1719310063612 0.025007257238030434 2766
1719310064294 0.02587413601577282 2776
1719310065037 0.08075641840696335 2786
1719310065774 0.01780618354678154 2796
1719310066509 0.03393126651644707 2806
1719310072282 0.007938397116959095 2814
1719310072990 0.04163914546370506 2824
1719310073739 0.03057139925658703 2834
1719310074509 0.010738370940089226 2844
1719310075223 0.015240517444908619 2854
1719310075931 0.021624770015478134 2864
1719310076708 0.03667709231376648 2874
1719310077472 0.013462383300065994 2884
1719310078215 0.10681389272212982 2894
1719310079152 0.06865108758211136 2904
1719310079900 0.014630175195634365 2914
1719310080592 0.04213854670524597 2924
1719310081274 0.008605627343058586 2934
1719310081969 0.032850805670022964 2944
1719310082436 0.05446482449769974 2954
1719310083089 0.011222442612051964 2964
1719310083786 0.026515662670135498 2974
1719310084448 0.09098534286022186 2984
1719310085102 0.02543553337454796 2994
1719310085779 0.06409980356693268 3004
1719310086448 0.012476474978029728 3014
1719310084782 0.07494155317544937 3024
1719310085490 0.008415457792580128 3034
1719310086187 0.12041565775871277 3044
1719310086867 0.003725671675056219 3054
1719310087555 0.04315459728240967 3064
1719310088243 0.08866079896688461 3074
1719310088920 0.029431626200675964 3084
1719310089685 0.016391240060329437 3094
1719310090382 0.008811860345304012 3104
1719310091054 0.03768443316221237 3114
1719310091708 0.07850667089223862 3124
1719310092414 0.02014186605811119 3134
1719310093117 0.08538101613521576 3144
1719310093776 0.01789676770567894 3154
1719310094462 0.018954217433929443 3164
1719310095260 0.04474318027496338 3174
1719310095955 0.03356664255261421 3184
1719310096648 0.042841214686632156 3194
1719310097418 0.0386325903236866 3204
1719310098175 0.020955529063940048 3214
1719310098882 0.07089613378047943 3224
1719310099627 0.04220746457576752 3234
1719310100331 0.023980919271707535 3244
1719310101039 0.004952921532094479 3254
1719310101749 0.05116390064358711 3264
1719310102498 0.09043356776237488 3274
1719310103213 0.020841265097260475 3284
1719310103962 0.1617586612701416 3294
1719310104722 0.008251960389316082 3304
1719310105487 0.10288911312818527 3314
1719310106774 0.11101696640253067 3324
1719310107533 0.049117863178253174 3334
1719310108250 0.07873935252428055 3344
1719310109037 0.0516665019094944 3354
1719310110833 0.01376948133111 3364
1719310111587 0.03450871258974075 3374
1719310112327 0.11011455208063126 3384
1719310111991 0.06046260893344879 3394
1719310112730 0.02590302564203739 3404
1719310113465 0.05352358892560005 3414
1719310114229 0.02361808903515339 3424
1719310114986 0.09188929945230484 3434
1719310115723 0.03476130589842796 3444
1719310116484 0.046474870294332504 3454
1719310117251 0.06961347162723541 3464
1719310117988 0.07134365290403366 3474
1719310118776 0.1290484219789505 3484
1719310119719 0.020247813314199448 3494
1719310120471 0.01571684330701828 3504
1719310121216 0.007941273041069508 3514
1719310121952 0.04123147577047348 3524
1719310122690 0.03501351550221443 3534
1719310123441 0.025036633014678955 3544
1719310124201 0.020801706239581108 3554
1719310124981 0.010490559972822666 3564
1719310125734 0.1085791066288948 3574
1719310126487 0.012871905229985714 3584
1719310127221 0.04171383008360863 3594
1719310127958 0.017400316894054413 3604
1719310128766 0.045370347797870636 3614
1719310129494 0.04214012995362282 3624
1719310130212 0.10601234436035156 3634
1719310130943 0.13592220842838287 3644
1719310131650 0.027800172567367554 3654
1719310132353 0.026943592354655266 3664
1719310133071 0.018683098256587982 3674
1719310134068 0.011265200562775135 3684
1719310134787 0.07159189879894257 3694
1719310135498 0.03751304745674133 3704
1719310136280 0.013443225994706154 3714
1719310136986 0.014420582912862301 3724
1719310137708 0.04179830476641655 3734
1719310138416 0.026424895972013474 3744
1719310142541 0.08795733004808426 3752
1719310143173 0.014047200791537762 3762
1719310143776 0.03484399616718292 3772
1719310144382 0.03450942039489746 3782
1719310144994 0.006145271938294172 3792
1719310145604 0.011703185737133026 3802
1719310146276 0.09170528501272202 3812
1719310147065 0.016054349020123482 3822
1719310147773 0.04972437769174576 3832
1719310148444 0.024008478969335556 3842
1719310149201 0.05279042199254036 3852
1719310149906 0.023223627358675003 3862
1719310150575 0.0036154219415038824 3872
1719310151280 0.02436995506286621 3882
1719310152028 0.049750007688999176 3892
1719310152737 0.06870264559984207 3902
1719310153423 0.0753842368721962 3912
1719310154138 0.036112502217292786 3922
1719310154864 0.04274921119213104 3932
1719310155582 0.010257460176944733 3942
1719310156286 0.0843338891863823 3952
1719310157086 0.16099485754966736 3962
1719310157822 0.07236179709434509 3972
1719310158546 0.013913793489336967 3982
1719310159301 0.013589655049145222 3992
1719310160069 0.12370579689741135 4002
1719310160784 0.03479516878724098 4012
1719310161469 0.04755211994051933 4022
1719310162139 0.01182926818728447 4032
1719310162831 0.0868077278137207 4042
1719310163485 0.07516875863075256 4052
1719310164163 0.006113406736403704 4062
1719310164831 0.06624680012464523 4072
1719310165489 0.049161750823259354 4082
1719310166175 0.01797817274928093 4092
1719310166847 0.00949882809072733 4102
1719310167548 0.03596723824739456 4112
1719310168261 0.005034821107983589 4122
1719310168606 0.05167254060506821 4132
1719310169287 0.06206255778670311 4142
1719310169461 0.02381671778857708 4152
1719310170148 0.19631867110729218 4162
1719310170804 0.08424536883831024 4172
1719310171477 0.00486089289188385 4182
1719310172156 0.011681010946631432 4192
1719310172829 0.027817104011774063 4202
1719310173492 0.0357106551527977 4212
1719310174164 0.05507098510861397 4222
1719310174805 0.044817425310611725 4232
1719310175462 0.03356115520000458 4242
1719310176183 0.00470125675201416 4252
1719310176873 0.004626601003110409 4262
1719310177550 0.048513978719711304 4272
1719310178223 0.025070007890462875 4282
1719310178966 0.007524484768509865 4292
1719310179720 0.07043604552745819 4302
1719310180456 0.04035351797938347 4312
1719310181285 0.03397994115948677 4322
1719310182201 0.02168142795562744 4332
1719310182952 0.09850592911243439 4342
1719310183731 0.016562042757868767 4352
1719310184450 0.08014586567878723 4362
1719310185157 0.08990001678466797 4372
1719310185892 0.01372577529400587 4382
1719310186564 0.08141139149665833 4392
1719310187264 0.03642705827951431 4402
1719310187981 0.003251636866480112 4412
1719310188665 0.0029625885654240847 4422
1719310189330 0.03307594731450081 4432
1719310190064 0.048439767211675644 4442
1719310190732 0.039639364928007126 4452
1719310191394 0.011501962319016457 4462
1719310192064 0.03366599231958389 4472
1719310192762 0.030123362317681313 4482
1719310193442 0.018300680443644524 4492
1719310194125 0.00427237106487155 4502
1719310194807 0.04409390315413475 4512
1719310195445 0.014454567804932594 4522
1719310196097 0.11995026469230652 4532
1719310196775 0.018215296790003777 4542
1719310197466 0.04664630442857742 4552
1719310197958 0.0217036921530962 4562
1719310198617 0.017468243837356567 4572
1719310198852 0.06711253523826599 4582
1719310199635 0.05963488295674324 4592
1719310200359 0.004323365166783333 4602
1719310201065 0.001560314791277051 4612
1719310201723 0.03671899810433388 4622
1719310202384 0.009918097406625748 4632
1719310203065 0.10718545317649841 4642
1719310203738 0.01538002397865057 4652
1719310204414 0.008762987330555916 4662
1719310205127 0.016852637752890587 4672
1719310205813 0.02729940600693226 4682
