1719412382513 2.2924695014953613 0
1719412383184 2.1480517387390137 10
1719412384377 1.818995475769043 20
1719412385215 1.408848762512207 30
1719412385925 0.946956217288971 40
1719412386695 0.7614546418190002 50
1719412388578 0.3164040744304657 60
1719412389346 0.4392206072807312 70
1719412390043 0.3883391320705414 80
1719412390722 0.3622565269470215 90
1719412391444 0.291088342666626 100
1719412392142 0.40284329652786255 110
1719412392790 0.2258623093366623 120
1719412393458 0.35846731066703796 130
1719412394152 0.2658480107784271 140
1719412394790 0.29738321900367737 150
1719412395658 0.35245755314826965 160
1719412396528 0.49644628167152405 170
1719412397413 0.3155191242694855 180
1719412398150 0.2343086153268814 190
1719412398869 0.3409045338630676 200
1719412399660 0.34448620676994324 210
1719412400469 0.24064086377620697 220
1719412401206 0.38585105538368225 230
1719412401947 0.3303350508213043 240
1719412402723 0.22348065674304962 250
1719412403876 0.38697701692581177 260
1719412404776 0.29386064410209656 270
1719412405442 0.44043412804603577 280
1719412406173 0.2055414766073227 290
1719412406905 0.2597227096557617 300
1719412407552 0.32152605056762695 310
1719412408204 0.31883394718170166 320
1719412408992 0.1560882329940796 330
1719412409716 0.4316919445991516 340
1719412410384 0.17786923050880432 350
1719412411072 0.23237912356853485 360
1719412411858 0.19433577358722687 370
1719412412498 0.32049816846847534 380
1719412413166 0.28376805782318115 390
1719412413814 0.3426651954650879 400
1719412414461 0.1430017352104187 410
1719412415170 0.28903278708457947 420
1719412415849 0.19077450037002563 430
1719412416511 0.15598949790000916 440
1719412417165 0.22132326662540436 450
1719412417849 0.21481505036354065 460
1719412419044 0.22264203429222107 470
1719412419717 0.2618935704231262 480
1719412420410 0.33346202969551086 490
1719412421064 0.31806680560112 500
1719412421759 0.17680557072162628 510
1719412422472 0.11501651257276535 520
1719412423163 0.239186629652977 530
1719412423854 0.09792712330818176 540
1719412424575 0.13348224759101868 550
1719412425254 0.17169217765331268 560
1719412425915 0.23703794181346893 570
1719412426614 0.11347734928131104 580
1719412427330 0.1230282112956047 590
1719412428023 0.12226176261901855 600
1719412428766 0.1823800653219223 610
1719412429488 0.307386189699173 620
1719412430178 0.059711750596761703 630
1719412431037 0.21683572232723236 640
1719412431706 0.33417314291000366 650
1719412432363 0.1892228126525879 660
1719412433023 0.23897288739681244 670
1719412433695 0.1620018482208252 680
1719412434351 0.1558302491903305 690
1719412435026 0.11738310009241104 700
1719412435716 0.14539986848831177 710
1719412436366 0.1510956883430481 720
1719412437014 0.17857204377651215 730
1719412437690 0.07982820272445679 740
1719412438475 0.23900289833545685 750
1719412439153 0.144459068775177 760
1719412439831 0.2149188369512558 770
1719412440516 0.14728406071662903 780
1719412441224 0.09504856169223785 790
1719412441901 0.39976656436920166 800
1719412442553 0.13811494410037994 810
1719412443235 0.2709388732910156 820
1719412443904 0.1756901890039444 830
1719412444547 0.245899498462677 840
1719412445217 0.17691801488399506 850
1719412445907 0.13008178770542145 860
1719412446556 0.1468324512243271 870
1719412447229 0.03132307901978493 880
1719412448045 0.11791624873876572 890
1719412449749 0.16624678671360016 900
1719412450415 0.12934155762195587 910
1719412451121 0.08808083832263947 920
1719412451893 0.2419004738330841 930
1719412456588 0.0761551484465599 938
1719412457301 0.07087575644254684 948
1719412457983 0.2205275297164917 958
1719412458654 0.16896380484104156 968
1719412459354 0.1025606244802475 978
1719412460032 0.11509481817483902 988
1719412460730 0.09947790950536728 998
1719412461403 0.09449470788240433 1008
1719412462087 0.17449411749839783 1018
1719412462726 0.12338419258594513 1028
1719412463381 0.13203586637973785 1038
1719412464146 0.026306485757231712 1048
1719412464845 0.2921141982078552 1058
1719412465580 0.09611576795578003 1068
1719412466305 0.10386840254068375 1078
1719412467037 0.23629909753799438 1088
1719412467806 0.11421103030443192 1098
1719412468611 0.1084822490811348 1108
1719412469323 0.09035474807024002 1118
1719412470047 0.062520831823349 1128
1719412470809 0.03128839656710625 1138
1719412471513 0.11238448321819305 1148
1719412472275 0.04956419765949249 1158
1719412473008 0.0789509043097496 1168
1719412473737 0.07813320308923721 1178
1719412474470 0.36490967869758606 1188
1719412475200 0.15171708166599274 1198
1719412475977 0.1772751808166504 1208
1719412476781 0.04057561606168747 1218
1719412477495 0.1021280437707901 1228
1719412478363 0.1461315155029297 1238
1719412479456 0.09041792154312134 1248
1719412480741 0.10459660738706589 1258
1719412481485 0.1711292862892151 1268
1719412482233 0.12624239921569824 1278
1719412482948 0.11753536015748978 1288
1719412483684 0.07282279431819916 1298
1719412484364 0.08139052987098694 1308
1719412485028 0.13909095525741577 1318
1719412485728 0.08097470551729202 1328
1719412486393 0.05763648450374603 1338
1719412487048 0.06539513170719147 1348
1719412487737 0.15161651372909546 1358
1719412488388 0.18932701647281647 1368
1719412489055 0.03620802238583565 1378
1719412489877 0.09533825516700745 1388
1719412490537 0.046752072870731354 1398
1719412491211 0.0398784764111042 1408
1719412491924 0.11606671661138535 1418
1719412492558 0.20769234001636505 1428
1719412493229 0.11589491367340088 1438
1719412493882 0.19252747297286987 1448
1719412494527 0.0654003918170929 1458
1719412495186 0.10055018961429596 1468
1719412495839 0.07823609560728073 1478
1719412496507 0.035055264830589294 1488
1719412497132 0.037003204226493835 1498
1719412497770 0.04984530434012413 1508
1719412498482 0.039762042462825775 1518
1719412499198 0.10171538591384888 1528
1719412499864 0.05909435823559761 1538
1719412500542 0.08975917845964432 1548
1719412501181 0.023980651050806046 1558
1719412501866 0.08898774534463882 1568
1719412502526 0.1695309281349182 1578
1719412503193 0.10244937241077423 1588
1719412503866 0.04886874929070473 1598
1719412504565 0.09450386464595795 1608
1719412505222 0.032701801508665085 1618
1719412505884 0.05080730468034744 1628
1719412506601 0.07879716157913208 1638
1719412507262 0.0867881029844284 1648
1719412507925 0.1385786235332489 1658
1719412508688 0.09938637912273407 1668
1719412509376 0.16550876200199127 1678
1719412510644 0.07027339935302734 1688
1719412511939 0.06730204075574875 1698
1719412512666 0.08574853837490082 1708
1719412513323 0.1423918902873993 1718
1719412514009 0.04109100624918938 1728
1719412514726 0.06187057122588158 1738
1719412515372 0.2091187834739685 1748
1719412516020 0.08450591564178467 1758
1719412516738 0.012079327367246151 1768
1719412517377 0.03587867319583893 1778
1719412518041 0.030829502269625664 1788
1719412518811 0.024890797212719917 1798
1719412519670 0.12020355463027954 1808
1719412520417 0.0866483524441719 1818
1719412521229 0.09543600678443909 1828
1719412521928 0.04582294449210167 1838
1719412522571 0.1359701305627823 1848
1719412523260 0.028187664225697517 1858
1719412523908 0.13400031626224518 1868
1719412529260 0.043969038873910904 1876
1719412529978 0.047243669629096985 1886
1719412530656 0.12064594030380249 1896
1719412531463 0.0725380927324295 1906
1719412532104 0.13365165889263153 1916
1719412532764 0.11816875636577606 1926
1719412533456 0.07353419810533524 1936
1719412534132 0.08298483490943909 1946
1719412534779 0.09005442261695862 1956
1719412535425 0.08994075655937195 1966
1719412536103 0.05746445804834366 1976
1719412536749 0.015850810334086418 1986
1719412537435 0.061796918511390686 1996
1719412538126 0.16426080465316772 2006
1719412538946 0.01911012828350067 2016
1719412539612 0.06198396533727646 2026
1719412540306 0.024575160816311836 2036
1719412540951 0.11969616264104843 2046
1719412542752 0.05173227936029434 2056
1719412543431 0.1732369363307953 2066
1719412544121 0.09736111760139465 2076
1719412544780 0.03299389407038689 2086
1719412545481 0.043680641800165176 2096
1719412546137 0.013317262753844261 2106
1719412546788 0.03490033373236656 2116
1719412547463 0.1393488645553589 2126
1719412548154 0.04474499449133873 2136
1719412548808 0.11396198719739914 2146
1719412549513 0.024051522836089134 2156
1719412550279 0.01588405855000019 2166
1719412550955 0.07204904407262802 2176
1719412551610 0.07869960367679596 2186
1719412552368 0.016018033027648926 2196
1719412553017 0.15889081358909607 2206
1719412553656 0.02236446738243103 2216
1719412554333 0.05322568118572235 2226
1719412554983 0.10200687497854233 2236
1719412555646 0.006988090928643942 2246
1719412556332 0.014998155646026134 2256
1719412557000 0.02252906560897827 2266
1719412557643 0.1310012936592102 2276
1719412558327 0.08391306549310684 2286
1719412559047 0.05183399096131325 2296
1719412560041 0.023238010704517365 2306
1719412560867 0.009501772932708263 2316
1719412561613 0.05281168222427368 2326
1719412562279 0.03322844207286835 2336
1719412562957 0.04783986508846283 2346
1719412563643 0.034346383064985275 2356
1719412564312 0.059529297053813934 2366
1719412564972 0.06106846034526825 2376
1719412565614 0.08210685849189758 2386
1719412566274 0.02672974392771721 2396
1719412566949 0.02255803532898426 2406
1719412567594 0.03419755399227142 2416
1719412568259 0.05229969322681427 2426
1719412568997 0.011372486129403114 2436
1719412569709 0.014228561893105507 2446
1719412570353 0.05806409940123558 2456
1719412571034 0.09888766705989838 2466
1719412571754 0.18536972999572754 2476
1719412572873 0.025914445519447327 2486
1719412574112 0.15987558662891388 2496
1719412574814 0.057699110358953476 2506
1719412575463 0.13624049723148346 2516
1719412576109 0.058904219418764114 2526
1719412576797 0.03842158243060112 2536
1719412577439 0.07396207004785538 2546
1719412578083 0.0167209692299366 2556
1719412578776 0.04272458329796791 2566
1719412579939 0.01592584326863289 2576
1719412580688 0.08103623986244202 2586
1719412581487 0.04717935621738434 2596
1719412582133 0.09718752652406693 2606
1719412582658 0.05515166372060776 2616
1719412583300 0.12282464653253555 2626
1719412583820 0.0580073818564415 2636
1719412584354 0.02726821042597294 2646
1719412584857 0.07344964891672134 2656
1719412585459 0.026396220549941063 2666
1719412585960 0.07292323559522629 2676
1719412586714 0.03067435696721077 2686
1719412587387 0.021231893450021744 2696
1719412587828 0.047953762114048004 2706
1719412588289 0.020433595404028893 2716
1719412588764 0.04418737068772316 2726
1719412589312 0.10204450786113739 2736
1719412589822 0.09269996732473373 2746
1719412590402 0.0408041775226593 2756
1719412591027 0.0622330866754055 2766
1719412591800 0.20508359372615814 2776
1719412592490 0.0246898103505373 2786
1719412593200 0.11422638595104218 2796
1719412593942 0.06043902784585953 2806
1719412599702 0.10740233957767487 2814
1719412600382 0.021937761455774307 2824
1719412601027 0.0327482633292675 2834
1719412601699 0.013932117260992527 2844
1719412602304 0.06885892152786255 2854
1719412602903 0.07777675986289978 2864
1719412604006 0.05395789444446564 2874
1719412605274 0.09460441768169403 2884
1719412605916 0.0621345192193985 2894
1719412606544 0.12449745088815689 2904
1719412607129 0.18050400912761688 2914
1719412607665 0.04394722729921341 2924
1719412608113 0.0031559052877128124 2934
1719412608570 0.033876948058605194 2944
1719412609051 0.028920451179146767 2954
1719412609599 0.06697550415992737 2964
1719412610125 0.030186403542757034 2974
1719412610642 0.006296859122812748 2984
1719412611220 0.019235480576753616 2994
1719412611739 0.12916503846645355 3004
1719412612259 0.019748782739043236 3014
1719412612734 0.09188045561313629 3024
1719412613196 0.007706956006586552 3034
1719412613666 0.024179227650165558 3044
1719412614152 0.0629093125462532 3054
1719412614611 0.011036967858672142 3064
1719412615072 0.03192374110221863 3074
1719412615527 0.061075273901224136 3084
1719412616030 0.06933679431676865 3094
1719412616498 0.007989330217242241 3104
1719412616984 0.16884128749370575 3114
1719412617444 0.04371686279773712 3124
1719412617915 0.015618984587490559 3134
1719412618413 0.08362389355897903 3144
1719412618907 0.01350720040500164 3154
1719412619419 0.016469785943627357 3164
1719412619882 0.015210753306746483 3174
1719412620391 0.09502087533473969 3184
1719412620890 0.011365363374352455 3194
1719412621401 0.02041669562458992 3204
1719412621885 0.10428854078054428 3214
1719412622423 0.016338443383574486 3224
1719412622875 0.028774060308933258 3234
1719412623321 0.07297682762145996 3244
1719412623831 0.0660809874534607 3254
1719412624342 0.014204093255102634 3264
1719412624788 0.0487070232629776 3274
1719412625264 0.022373158484697342 3284
1719412625733 0.021752815693616867 3294
1719412626236 0.026052581146359444 3304
1719412626714 0.029901964589953423 3314
1719412627189 0.0394362136721611 3324
1719412627645 0.03445632755756378 3334
1719412628147 0.05947129800915718 3344
1719412628659 0.020488370209932327 3354
1719412629139 0.015003732405602932 3364
1719412629585 0.037774328142404556 3374
1719412630022 0.009411551058292389 3384
1719412630495 0.014015233144164085 3394
1719412630969 0.04595814645290375 3404
1719412631419 0.09145024418830872 3414
1719412631874 0.03830390051007271 3424
1719412632336 0.1781570166349411 3434
1719412632821 0.02376006357371807 3444
1719412633267 0.01465228945016861 3454
1719412633714 0.03391364589333534 3464
1719412634149 0.006503007374703884 3474
1719412635139 0.017214354127645493 3484
1719412636216 0.04060254245996475 3494
1719412636676 0.03377891331911087 3504
1719412637135 0.05950416624546051 3514
1719412637578 0.014273363165557384 3524
1719412638041 0.015235072933137417 3534
1719412638472 0.0042688422836363316 3544
1719412638942 0.03618215397000313 3554
1719412639400 0.06177188456058502 3564
1719412640209 0.01082533597946167 3574
1719412640849 0.051147568970918655 3584
1719412641382 0.05124637484550476 3594
1719412642460 0.011584789492189884 3604
1719412643098 0.10240787267684937 3614
1719412643765 0.013811039738357067 3624
1719412644328 0.025469020009040833 3634
1719412644844 0.09168162941932678 3644
1719412645418 0.05388263612985611 3654
1719412645945 0.0319673977792263 3664
1719412646459 0.09682753682136536 3674
1719412646978 0.06340796500444412 3684
1719412647457 0.07481933385133743 3694
1719412647986 0.015317904762923717 3704
1719412648459 0.025718368589878082 3714
1719412648947 0.01064970251172781 3724
1719412649435 0.02009672112762928 3734
1719412649909 0.022325467318296432 3744
1719412653716 0.021880751475691795 3752
1719412654190 0.012353026308119297 3762
1719412654698 0.018622620031237602 3772
1719412655152 0.014026649296283722 3782
1719412655613 0.059057049453258514 3792
1719412656079 0.01986999437212944 3802
1719412656553 0.04495720565319061 3812
1719412657016 0.008578222244977951 3822
1719412657472 0.047780394554138184 3832
1719412657939 0.06221199408173561 3842
1719412658460 0.0446893572807312 3852
1719412658969 0.021235186606645584 3862
1719412659479 0.026583412662148476 3872
1719412659992 0.004906169604510069 3882
1719412660475 0.007485927548259497 3892
1719412660949 0.02232654020190239 3902
1719412661431 0.13468055427074432 3912
1719412661901 0.09005013853311539 3922
1719412662365 0.04470144584774971 3932
1719412662826 0.01384330540895462 3942
1719412663294 0.019607504829764366 3952
1719412663751 0.013188119046390057 3962
1719412664228 0.013930468820035458 3972
1719412664691 0.08637499064207077 3982
1719412665169 0.015923257917165756 3992
1719412665668 0.043279193341732025 4002
1719412667204 0.0605110228061676 4012
1719412667672 0.04216751083731651 4022
1719412668140 0.07995825260877609 4032
1719412668617 0.008721982128918171 4042
1719412669103 0.010898802429437637 4052
1719412669591 0.04200340062379837 4062
1719412670082 0.08730173856019974 4072
1719412670570 0.07657717913389206 4082
1719412671045 0.008753358386456966 4092
1719412671519 0.07298137992620468 4102
1719412672006 0.031139487400650978 4112
1719412672486 0.0652836486697197 4122
1719412672951 0.020052794367074966 4132
1719412673413 0.016886737197637558 4142
1719412673893 0.020002663135528564 4152
1719412674373 0.04712780565023422 4162
1719412674857 0.05588722601532936 4172
1719412675333 0.007642694748938084 4182
1719412675802 0.006670766044408083 4192
1719412676274 0.030996622517704964 4202
1719412676762 0.006450218614190817 4212
1719412677232 0.04748089611530304 4222
1719412677695 0.0307087991386652 4232
1719412678178 0.04496719688177109 4242
1719412678679 0.0022140953224152327 4252
1719412679198 0.0036454384680837393 4262
1719412679680 0.09135331958532333 4272
1719412680146 0.07991869002580643 4282
1719412680616 0.03168712183833122 4292
1719412681108 0.017054960131645203 4302
1719412681600 0.11912605911493301 4312
1719412682055 0.004743254743516445 4322
1719412682533 0.0063513764180243015 4332
1719412683023 0.012252908200025558 4342
1719412683505 0.0164928175508976 4352
1719412683981 0.0065367938950657845 4362
1719412684613 0.015045913867652416 4372
1719412685110 0.005875992123037577 4382
1719412685577 0.029909804463386536 4392
1719412686047 0.07756637036800385 4402
1719412686520 0.002076712204143405 4412
1719412686984 0.07731696218252182 4422
1719412687482 0.00630465941503644 4432
1719412687956 0.09411822259426117 4442
1719412688449 0.011370315216481686 4452
1719412688921 0.06505942344665527 4462
1719412689424 0.009615560993552208 4472
1719412689884 0.042384471744298935 4482
1719412690364 0.00470347236841917 4492
1719412690851 0.08491790294647217 4502
1719412691348 0.10749226808547974 4512
1719412691810 0.03381246328353882 4522
1719412692285 0.01489379070699215 4532
1719412692746 0.010248440317809582 4542
1719412693209 0.0801677405834198 4552
1719412693686 0.029872005805373192 4562
1719412694153 0.1586923599243164 4572
1719412694631 0.09099919348955154 4582
1719412695106 0.0023784958757460117 4592
1719412695569 0.05420570820569992 4602
1719412696043 0.02267748862504959 4612
1719412696521 0.13832393288612366 4622
1719412697472 0.006214223802089691 4632
1719412698591 0.0326937697827816 4642
1719412699081 0.011868144385516644 4652
1719412699579 0.02340235561132431 4662
1719412700066 0.011153614148497581 4672
1719412700529 0.006840457674115896 4682
