1719311893945 2.295034170150757 0
1719311894624 2.1175668239593506 10
1719311895288 1.6475248336791992 20
1719311896127 1.1422375440597534 30
1719311897211 0.6936865448951721 40
1719311897856 0.6401810050010681 50
1719311898721 0.30676981806755066 60
1719311899857 0.39536163210868835 70
1719311900535 0.5104676485061646 80
1719311901155 0.508065402507782 90
1719311901802 0.6326845288276672 100
1719311902417 0.38260284066200256 110
1719311903066 0.3934565484523773 120
1719311903626 0.4046342074871063 130
1719311904228 0.5084736347198486 140
1719311904841 0.13529159128665924 150
1719311905526 0.500579833984375 160
1719311906149 0.4056324362754822 170
1719311906896 0.20325417816638947 180
1719311907734 0.3432185649871826 190
1719311908543 0.5368205308914185 200
1719311909293 0.22009378671646118 210
1719311910101 0.1477256417274475 220
1719311910803 0.17794738709926605 230
1719311911455 0.2329966425895691 240
1719311912083 0.2054392695426941 250
1719311912740 0.4823301136493683 260
1719311913416 0.3061843812465668 270
1719311914216 0.2804564833641052 280
1719311915311 0.178921639919281 290
1719311916144 0.27976757287979126 300
1719311919472 0.22068578004837036 310
1719311920847 0.34481632709503174 320
1719311923776 0.2883125841617584 330
1719311926923 0.16274362802505493 340
1719311930201 0.18435856699943542 350
1719311931641 0.1926671862602234 360
1719311934937 0.1615266650915146 370
1719311936802 0.20287185907363892 380
1719311939792 0.2454974204301834 390
1719311943307 0.208778515458107 400
1719311944270 0.1353026032447815 410
1719311945130 0.4575839936733246 420
1719311946012 0.17304466664791107 430
1719311947508 0.15093976259231567 440
1719311948416 0.3712691366672516 450
1719311949991 0.24182812869548798 460
1719311951363 0.19397616386413574 470
1719311952931 0.22526200115680695 480
1719311953996 0.1657673567533493 490
1719311955454 0.1907951682806015 500
1719311956733 0.1868813931941986 510
1719311958267 0.32914629578590393 520
1719311960914 0.14553618431091309 530
1719311962422 0.13914449512958527 540
1719311964352 0.14575524628162384 550
1719311966333 0.18665455281734467 560
1719311968100 0.06373907625675201 570
1719311970495 0.16353973746299744 580
1719311972497 0.31581270694732666 590
1719311973759 0.1784408688545227 600
1719311975576 0.23452706634998322 610
1719311977456 0.09575394541025162 620
1719311978883 0.12204451858997345 630
1719311980216 0.06814230233430862 640
1719311981699 0.20459295809268951 650
1719311982625 0.1472156047821045 660
1719311983534 0.09388288110494614 670
1719311984520 0.11356881260871887 680
1719311986069 0.08022730052471161 690
1719311987171 0.24225184321403503 700
1719311988290 0.06277982145547867 710
1719311989362 0.03575829416513443 720
1719311990304 0.08114375174045563 730
1719311991678 0.23950961232185364 740
1719311992772 0.0919162929058075 750
1719311993780 0.13816045224666595 760
1719311994939 0.1090395599603653 770
1719311995998 0.14383631944656372 780
1719311996908 0.07287526875734329 790
1719311999061 0.11842028796672821 800
1719312000893 0.15354228019714355 810
1719312002010 0.16504918038845062 820
1719312002912 0.15445926785469055 830
1719312003831 0.3036074936389923 840
1719312004673 0.12550732493400574 850
1719312005517 0.11644431203603745 860
1719312006319 0.18750837445259094 870
1719312007246 0.09002993255853653 880
1719312008293 0.1538911759853363 890
1719312009636 0.09459971636533737 900
1719312010559 0.13157278299331665 910
1719312011380 0.1780439019203186 920
1719312012096 0.10442569106817245 930
1719312019499 0.07512939721345901 938
1719312020615 0.07976590096950531 948
1719312021618 0.10027792304754257 958
1719312022692 0.12848806381225586 968
1719312023522 0.0388970822095871 978
1719312024196 0.16980233788490295 988
1719312024987 0.10643920302391052 998
1719312025679 0.06236722692847252 1008
1719312026579 0.16845767199993134 1018
1719312028025 0.14051994681358337 1028
1719312028711 0.0603640154004097 1038
1719312029397 0.07390325516462326 1048
1719312030136 0.07078561931848526 1058
1719312031023 0.037498585879802704 1068
1719312032119 0.131933331489563 1078
1719312033055 0.21696870028972626 1088
1719312033805 0.07529255747795105 1098
1719312034670 0.18199457228183746 1108
1719312035428 0.01424387376755476 1118
1719312036088 0.10428516566753387 1128
1719312036824 0.10697563737630844 1138
1719312037576 0.024399977177381516 1148
1719312038294 0.032563041895627975 1158
1719312039000 0.020154092460870743 1168
1719312039640 0.08841825276613235 1178
1719312040308 0.09182313084602356 1188
1719312040918 0.043603867292404175 1198
1719312041649 0.1570006012916565 1208
1719312042264 0.10875760763883591 1218
1719312042985 0.05651237070560455 1228
1719312043775 0.05703044310212135 1238
1719312044819 0.07665117084980011 1248
1719312046007 0.09368377923965454 1258
1719312047404 0.0921553373336792 1268
1719312051085 0.06893256306648254 1278
1719312053197 0.10577719658613205 1288
1719312053947 0.09873144328594208 1298
1719312054803 0.02143685705959797 1308
1719312055591 0.04411663860082626 1318
1719312056267 0.10158226639032364 1328
1719312056957 0.08212796598672867 1338
1719312057626 0.07706671953201294 1348
1719312058376 0.15787480771541595 1358
1719312059010 0.12350696325302124 1368
1719312059925 0.08227180689573288 1378
1719312060526 0.15457724034786224 1388
1719312061205 0.06894120573997498 1398
1719312061803 0.12214592099189758 1408
1719312062574 0.18944701552391052 1418
1719312063227 0.022300023585557938 1428
1719312063928 0.16168341040611267 1438
1719312064712 0.025385607033967972 1448
1719312065341 0.026204852387309074 1458
1719312066025 0.0636216476559639 1468
1719312066731 0.10122354328632355 1478
1719312067477 0.07333201915025711 1488
1719312068276 0.027240121737122536 1498
1719312069004 0.13675405085086823 1508
1719312069674 0.05114035680890083 1518
1719312070398 0.043832384049892426 1528
1719312071127 0.06393437832593918 1538
1719312071904 0.04115770384669304 1548
1719312072788 0.059925854206085205 1558
1719312073552 0.05445098504424095 1568
1719312074363 0.03240242600440979 1578
1719312075228 0.2109789401292801 1588
1719312076303 0.15348941087722778 1598
1719312077140 0.029433315619826317 1608
1719312077831 0.07457558065652847 1618
1719312078454 0.059170983731746674 1628
1719312079064 0.09303325414657593 1638
1719312079644 0.035759780555963516 1648
1719312080324 0.06498007476329803 1658
1719312080964 0.11653660237789154 1668
1719312081607 0.08664453029632568 1678
1719312082325 0.08512614667415619 1688
1719312082965 0.04479445144534111 1698
1719312083853 0.05458109825849533 1708
1719312084672 0.10299113392829895 1718
1719312085556 0.046339165419340134 1728
1719312086319 0.04448573663830757 1738
1719312087123 0.1349189579486847 1748
1719312087858 0.03638532757759094 1758
1719312088508 0.05020713061094284 1768
1719312089149 0.2123662829399109 1778
1719312089796 0.03421435505151749 1788
1719312090622 0.03646353259682655 1798
1719312091402 0.039825133979320526 1808
1719312092419 0.11509278416633606 1818
1719312093198 0.15006816387176514 1828
1719312094137 0.10121910274028778 1838
1719312095257 0.1133853867650032 1848
1719312096328 0.04204081371426582 1858
1719312097299 0.02103284001350403 1868
1719312108026 0.1290840059518814 1876
1719312108767 0.022333061322569847 1886
1719312109828 0.05133013799786568 1896
1719312110593 0.040781356394290924 1906
1719312111581 0.04349515959620476 1916
1719312112481 0.020393462851643562 1926
1719312113371 0.027285488322377205 1936
1719312114389 0.045310281217098236 1946
1719312115199 0.06910810619592667 1956
1719312116099 0.09151479601860046 1966
1719312117262 0.02046917751431465 1976
1719312118052 0.02454208768904209 1986
1719312118727 0.013641560450196266 1996
1719312119543 0.10863550007343292 2006
1719312120240 0.026842135936021805 2016
1719312120872 0.07106361538171768 2026
1719312121565 0.1223878264427185 2036
1719312122295 0.0337945856153965 2046
1719312123251 0.09339948743581772 2056
1719312124117 0.03411202132701874 2066
1719312124750 0.07518336921930313 2076
1719312125401 0.02695780247449875 2086
1719312126148 0.12222190201282501 2096
1719312126817 0.06981305778026581 2106
1719312127511 0.044531796127557755 2116
1719312128338 0.054656289517879486 2126
1719312129105 0.09777558594942093 2136
1719312129775 0.035366278141736984 2146
1719312130436 0.053958289325237274 2156
1719312131104 0.04879726842045784 2166
1719312131716 0.03580339252948761 2176
1719312132321 0.11221877485513687 2186
1719312133000 0.12938392162322998 2196
1719312133653 0.10166682302951813 2206
1719312134222 0.01551620103418827 2216
1719312134821 0.1418074369430542 2226
1719312135576 0.09474498778581619 2236
1719312136210 0.034936949610710144 2246
1719312136909 0.030681271106004715 2256
1719312137623 0.0452585369348526 2266
1719312138395 0.05710079148411751 2276
1719312139092 0.04509385675191879 2286
1719312139828 0.05389882251620293 2296
1719312140520 0.01238885149359703 2306
1719312141184 0.0601513497531414 2316
1719312142002 0.02575124427676201 2326
1719312142745 0.08560587465763092 2336
1719312143586 0.15342563390731812 2346
1719312144438 0.06487833708524704 2356
1719312145050 0.04570724442601204 2366
1719312145656 0.042958032339811325 2376
1719312146274 0.05048400163650513 2386
1719312146876 0.022137600928544998 2396
1719312147601 0.043068382889032364 2406
1719312148318 0.10447094589471817 2416
1719312148936 0.017399556934833527 2426
1719312149736 0.05488303303718567 2436
1719312150566 0.06482671201229095 2446
1719312151295 0.032835446298122406 2456
1719312151990 0.08246800303459167 2466
1719312152860 0.07598914206027985 2476
1719312153505 0.10204997658729553 2486
1719312154134 0.036892883479595184 2496
1719312154960 0.010062058456242085 2506
1719312155570 0.01601722277700901 2516
1719312156317 0.11220394819974899 2526
1719312157078 0.1084749847650528 2536
1719312157766 0.0243921410292387 2546
1719312158434 0.021134190261363983 2556
1719312159070 0.08493377268314362 2566
1719312159729 0.030817151069641113 2576
1719312160399 0.02145729772746563 2586
1719312160964 0.05028766393661499 2596
1719312161575 0.00946076586842537 2606
1719312162157 0.06669319421052933 2616
1719312162731 0.08044762164354324 2626
1719312163302 0.07542496919631958 2636
1719312163898 0.007771449163556099 2646
1719312164562 0.04058971256017685 2656
1719312165168 0.05033392459154129 2666
1719312165877 0.12374844402074814 2676
1719312166520 0.20462456345558167 2686
1719312167280 0.026770809665322304 2696
1719312168032 0.025137320160865784 2706
1719312168786 0.014838265255093575 2716
1719312169419 0.04751487076282501 2726
1719312170123 0.10364820808172226 2736
1719312170908 0.042299263179302216 2746
1719312171617 0.01156667247414589 2756
1719312172487 0.03302394971251488 2766
1719312173429 0.07737137377262115 2776
1719312174367 0.024936983361840248 2786
1719312175414 0.09548819810152054 2796
1719312176201 0.06894887983798981 2806
1719312181972 0.03233996778726578 2814
1719312182647 0.015521523542702198 2824
1719312183303 0.08801764249801636 2834
1719312183927 0.012045885436236858 2844
1719312184526 0.08345835655927658 2854
1719312185119 0.04179159179329872 2864
1719312185761 0.009017801843583584 2874
1719312186400 0.08456701785326004 2884
1719312187023 0.03267012536525726 2894
1719312187870 0.014663026668131351 2904
1719312188541 0.04911470785737038 2914
1719312189147 0.050617802888154984 2924
1719312189744 0.013098604045808315 2934
1719312190706 0.05562787130475044 2944
1719312191483 0.08711597323417664 2954
1719312192212 0.03535240888595581 2964
1719312193206 0.006863915827125311 2974
1719312193890 0.0518089197576046 2984
1719312194567 0.005857742391526699 2994
1719312195525 0.03819352015852928 3004
1719312196168 0.07003491371870041 3014
1719312196800 0.009859384968876839 3024
1719312197520 0.1205960363149643 3034
1719312198282 0.015461195260286331 3044
1719312198904 0.021275557577610016 3054
1719312199468 0.05733369663357735 3064
1719312200139 0.03884464502334595 3074
1719312200754 0.011012211441993713 3084
1719312201424 0.02351558208465576 3094
1719312202080 0.011503954418003559 3104
1719312202693 0.11231883615255356 3114
1719312203291 0.011632263660430908 3124
1719312203886 0.028420070186257362 3134
1719312204498 0.051891669631004333 3144
1719312205228 0.06586047261953354 3154
1719312205843 0.04566087946295738 3164
1719312206459 0.058215245604515076 3174
1719312207172 0.04578843340277672 3184
1719312207837 0.04454498738050461 3194
1719312208490 0.015108395367860794 3204
1719312209105 0.0055777691304683685 3214
1719312209720 0.004549514502286911 3224
1719312210365 0.01713857427239418 3234
1719312210983 0.007221330888569355 3244
1719312211581 0.027047285810112953 3254
1719312212184 0.04479074478149414 3264
1719312212782 0.012783722020685673 3274
1719312213418 0.013289554044604301 3284
1719312214269 0.03492759168148041 3294
1719312215103 0.033397696912288666 3304
1719312216124 0.054740726947784424 3314
1719312217109 0.03178166598081589 3324
1719312218137 0.024372873827815056 3334
1719312218832 0.008865219540894032 3344
1719312219437 0.08080466836690903 3354
1719312220067 0.01725718565285206 3364
1719312220710 0.1191120594739914 3374
1719312221326 0.012799812480807304 3384
1719312221913 0.053164947777986526 3394
1719312222622 0.08394560217857361 3404
1719312223265 0.06397321820259094 3414
1719312223917 0.007218802813440561 3424
1719312224536 0.11576279252767563 3434
1719312225142 0.16013799607753754 3444
1719312225722 0.06434301286935806 3454
1719312226365 0.035586003214120865 3464
1719312226989 0.016883959993720055 3474
1719312227620 0.01876210980117321 3484
1719312228243 0.06335771083831787 3494
1719312228959 0.016964560374617577 3504
1719312229573 0.17037081718444824 3514
1719312230422 0.015289146453142166 3524
1719312231047 0.07997266948223114 3534
1719312231657 0.019105156883597374 3544
1719312232249 0.017883017659187317 3554
1719312232844 0.011139722540974617 3564
1719312233489 0.23616349697113037 3574
1719312234077 0.01621909998357296 3584
1719312234655 0.06046371906995773 3594
1719312235357 0.12268318235874176 3604
1719312235953 0.003627155441790819 3614
1719312236566 0.11888541281223297 3624
1719312237349 0.11398285627365112 3634
1719312238054 0.08540763705968857 3644
1719312238704 0.09175022691488266 3654
1719312239307 0.025697743520140648 3664
1719312239985 0.011126920580863953 3674
1719312240595 0.039676863700151443 3684
1719312241217 0.0062666102312505245 3694
1719312241789 0.04465401917695999 3704
1719312242431 0.04172826185822487 3714
1719312243026 0.013957949355244637 3724
1719312243618 0.06990581005811691 3734
1719312244238 0.01644936017692089 3744
1719312249523 0.04103926941752434 3752
1719312250184 0.017662635073065758 3762
1719312250787 0.0337495356798172 3772
1719312251382 0.04498421400785446 3782
1719312251991 0.010273663327097893 3792
1719312252572 0.00926305167376995 3802
1719312253180 0.02803752012550831 3812
1719312253940 0.03629076108336449 3822
1719312254557 0.007458648178726435 3832
1719312255185 0.024670297279953957 3842
1719312255782 0.008419538848102093 3852
1719312256376 0.06497849524021149 3862
1719312257010 0.11844705790281296 3872
1719312257683 0.06960588693618774 3882
1719312258311 0.009459471330046654 3892
1719312258940 0.0015845494344830513 3902
1719312259557 0.014328951947391033 3912
1719312260195 0.02208462730050087 3922
1719312260782 0.01443126704543829 3932
1719312261418 0.017210109159350395 3942
1719312262056 0.01258966326713562 3952
1719312262630 0.05280367285013199 3962
1719312263210 0.023059187456965446 3972
1719312263867 0.0763637125492096 3982
1719312264475 0.06644902378320694 3992
1719312265047 0.040796633809804916 4002
1719312265759 0.043955471366643906 4012
1719312266425 0.07600515335798264 4022
1719312267063 0.07850129902362823 4032
1719312267745 0.03180235996842384 4042
1719312268735 0.027474677190184593 4052
1719312269494 0.1015227884054184 4062
1719312270183 0.009056263603270054 4072
1719312270869 0.013736994937062263 4082
1719312271468 0.02005469612777233 4092
1719312272062 0.05460265651345253 4102
1719312272672 0.053755711764097214 4112
1719312273282 0.02506842091679573 4122
1719312273898 0.01591147668659687 4132
1719312274489 0.06655170023441315 4142
1719312275104 0.04089958593249321 4152
1719312275788 0.023504016920924187 4162
1719312276359 0.005605114158242941 4172
1719312276999 0.06385521590709686 4182
1719312277697 0.016026731580495834 4192
1719312278353 0.06514276564121246 4202
1719312278957 0.008542581461369991 4212
1719312279575 0.040183231234550476 4222
1719312280225 0.010978255420923233 4232
1719312280823 0.11372697353363037 4242
1719312281444 0.02642516978085041 4252
1719312282047 0.006511698942631483 4262
1719312282655 0.02971501648426056 4272
1719312283269 0.017407704144716263 4282
1719312283873 0.044134803116321564 4292
1719312284467 0.01812484860420227 4302
1719312285072 0.027731597423553467 4312
1719312285659 0.02423645742237568 4322
1719312286318 0.0012584812939167023 4332
1719312286919 0.044322237372398376 4342
1719312287606 0.023472564294934273 4352
1719312288272 0.022449666634202003 4362
1719312288884 0.00665223877876997 4372
1719312289482 0.08980681002140045 4382
1719312290126 0.06001162528991699 4392
1719312290721 0.07144062966108322 4402
1719312291334 0.02696710266172886 4412
1719312291945 0.0471121184527874 4422
1719312292574 0.013703333213925362 4432
1719312293169 0.06116028130054474 4442
1719312293738 0.006283634342253208 4452
1719312294329 0.012927248142659664 4462
1719312294948 0.01605217158794403 4472
1719312295638 0.0050919814966619015 4482
1719312296287 0.03986078128218651 4492
1719312296860 0.005207639653235674 4502
1719312297407 0.008674073964357376 4512
1719312297916 0.004991617985069752 4522
1719312298423 0.01274680346250534 4532
1719312298949 0.01205010712146759 4542
1719312299446 0.03382183983922005 4552
1719312299966 0.13526318967342377 4562
1719312300443 0.05619649216532707 4572
1719312300947 0.027867013588547707 4582
1719312301457 0.01890045776963234 4592
1719312301941 0.05487152934074402 4602
1719312302430 0.030703013762831688 4612
1719312302917 0.01683056727051735 4622
1719312303424 0.018312115222215652 4632
1719312303893 0.007339642383158207 4642
1719312304369 0.09744025766849518 4652
1719312304845 0.03277362138032913 4662
1719312305320 0.022339414805173874 4672
1719312305852 0.031199287623167038 4682
