1719410596219 2.2921159267425537 0
1719410596970 2.1100027561187744 10
1719410597911 1.7308541536331177 20
1719410598645 0.9120190739631653 30
1719410599931 0.7105396389961243 40
1719410600612 0.4344642460346222 50
1719410601303 0.3877546787261963 60
1719410602177 0.459797203540802 70
1719410602864 0.4647759199142456 80
1719410603558 0.6146050095558167 90
1719410604314 0.5047919750213623 100
1719410604990 0.33245402574539185 110
1719410605659 0.5733790397644043 120
1719410606345 0.3388097286224365 130
1719410607054 0.25263768434524536 140
1719410607807 0.5065251588821411 150
1719410608510 0.5470647811889648 160
1719410609210 0.19662272930145264 170
1719410609892 0.39653921127319336 180
1719410610618 0.37900689244270325 190
1719410611300 0.5333932638168335 200
1719410612064 0.3449016511440277 210
1719410612782 0.27450788021087646 220
1719410613446 0.45680201053619385 230
1719410614153 0.361022025346756 240
1719410614860 0.3794165551662445 250
1719410615517 0.29477325081825256 260
1719410616205 0.5676373243331909 270
1719410616996 0.2397303730249405 280
1719410618691 0.22689200937747955 290
1719410619371 0.2985982596874237 300
1719410620071 0.45767518877983093 310
1719410620786 0.3076273798942566 320
1719410621461 0.2344309240579605 330
1719410622163 0.2509163022041321 340
1719410622833 0.2772228717803955 350
1719410623506 0.24828487634658813 360
1719410624216 0.21968264877796173 370
1719410624913 0.2866218686103821 380
1719410625584 0.1388615071773529 390
1719410626245 0.2859150469303131 400
1719410626965 0.3348960280418396 410
1719410627697 0.3746426999568939 420
1719410628451 0.16496962308883667 430
1719410629192 0.2774849832057953 440
1719410629871 0.22839213907718658 450
1719410630578 0.3417523205280304 460
1719410631299 0.2363627403974533 470
1719410631973 0.19449196755886078 480
1719410632637 0.0625978410243988 490
1719410633327 0.19914424419403076 500
1719410634004 0.2469550371170044 510
1719410634668 0.16626279056072235 520
1719410635372 0.21774668991565704 530
1719410636054 0.17311570048332214 540
1719410636746 0.30140262842178345 550
1719410637476 0.17277412116527557 560
1719410638201 0.17557910084724426 570
1719410638902 0.21514692902565002 580
1719410639555 0.19635474681854248 590
1719410640279 0.13946133852005005 600
1719410640988 0.1873265504837036 610
1719410641643 0.11555543541908264 620
1719410642363 0.15978558361530304 630
1719410643068 0.15746155381202698 640
1719410643741 0.15091565251350403 650
1719410644470 0.419815331697464 660
1719410645129 0.08688352257013321 670
1719410645803 0.20010089874267578 680
1719410646573 0.11448496580123901 690
1719410647336 0.15981745719909668 700
1719410648459 0.2099253386259079 710
1719410649789 0.1155623272061348 720
1719410650467 0.12101732194423676 730
1719410651178 0.1322181075811386 740
1719410651898 0.19553540647029877 750
1719410652557 0.18390142917633057 760
1719410653235 0.10473526269197464 770
1719410653932 0.10355733335018158 780
1719410654600 0.3203560709953308 790
1719410655258 0.19443541765213013 800
1719410655929 0.23335377871990204 810
1719410656637 0.0934988409280777 820
1719410657319 0.2892630100250244 830
1719410658074 0.14154066145420074 840
1719410658828 0.31175559759140015 850
1719410659516 0.16058652102947235 860
1719410660187 0.08276209235191345 870
1719410660930 0.14992022514343262 880
1719410661611 0.20491871237754822 890
1719410662281 0.17574553191661835 900
1719410662954 0.12337387353181839 910
1719410663616 0.092679962515831 920
1719410664377 0.17216800153255463 930
1719410670231 0.05213046818971634 938
1719410670937 0.06526292115449905 948
1719410671633 0.25174209475517273 958
1719410672303 0.056357819586992264 968
1719410673060 0.15737789869308472 978
1719410673771 0.16508391499519348 988
1719410674444 0.06915970891714096 998
1719410675114 0.09678992629051208 1008
1719410675839 0.20420557260513306 1018
1719410676529 0.09603830426931381 1028
1719410677260 0.16821511089801788 1038
1719410678031 0.1821574717760086 1048
1719410678716 0.09037013351917267 1058
1719410679784 0.10823732614517212 1068
1719410681101 0.23271282017230988 1078
1719410681799 0.1300259679555893 1088
1719410682475 0.1761220246553421 1098
1719410683146 0.07560060918331146 1108
1719410683873 0.16145843267440796 1118
1719410684534 0.18406152725219727 1128
1719410685214 0.14086103439331055 1138
1719410685948 0.07736173272132874 1148
1719410686622 0.15689769387245178 1158
1719410687302 0.05925535038113594 1168
1719410688116 0.1544102281332016 1178
1719410688813 0.07682955265045166 1188
1719410689493 0.033323440700769424 1198
1719410690191 0.042176008224487305 1208
1719410691035 0.31781062483787537 1218
1719410691701 0.16210126876831055 1228
1719410692394 0.06584995985031128 1238
1719410693075 0.1386534720659256 1248
1719410693724 0.05978204309940338 1258
1719410694437 0.04642987251281738 1268
1719410695136 0.09454554319381714 1278
1719410695812 0.05535363778471947 1288
1719410696512 0.06380745768547058 1298
1719410697199 0.1182747334241867 1308
1719410697963 0.08571506291627884 1318
1719410698647 0.21009160578250885 1328
1719410699321 0.02789022959768772 1338
1719410700104 0.049495879560709 1348
1719410700834 0.05873528867959976 1358
1719410701519 0.05553290992975235 1368
1719410702208 0.028137346729636192 1378
1719410702918 0.08885668963193893 1388
1719410703635 0.08618084341287613 1398
1719410704326 0.17188481986522675 1408
1719410705023 0.08153268694877625 1418
1719410705794 0.09388508647680283 1428
1719410706494 0.033104218542575836 1438
1719410707325 0.3056505620479584 1448
1719410708315 0.0887569859623909 1458
1719410709072 0.10504444688558578 1468
1719410709805 0.12165132910013199 1478
1719410711578 0.07635059952735901 1488
1719410712238 0.08364764600992203 1498
1719410712929 0.09540912508964539 1508
1719410713600 0.1284460872411728 1518
1719410714319 0.18186554312705994 1528
1719410715028 0.04360448941588402 1538
1719410715761 0.020613063126802444 1548
1719410716456 0.09667938947677612 1558
1719410717202 0.11520659178495407 1568
1719410717941 0.02436373382806778 1578
1719410718671 0.07607051730155945 1588
1719410719393 0.1693892776966095 1598
1719410720083 0.08866811543703079 1608
1719410720835 0.0648874044418335 1618
1719410721533 0.05061133950948715 1628
1719410722218 0.0387222096323967 1638
1719410722915 0.05274272337555885 1648
1719410723611 0.019341494888067245 1658
1719410724274 0.04727742075920105 1668
1719410724960 0.032518982887268066 1678
1719410725636 0.12803174555301666 1688
1719410726352 0.10867738723754883 1698
1719410727039 0.14723093807697296 1708
1719410727795 0.05149192363023758 1718
1719410728571 0.09046197682619095 1728
1719410729255 0.10387236624956131 1738
1719410729934 0.15366534888744354 1748
1719410730737 0.039240822196006775 1758
1719410731411 0.14449840784072876 1768
1719410732101 0.020389502868056297 1778
1719410732819 0.070306196808815 1788
1719410733539 0.1182064488530159 1798
1719410734252 0.06415905803442001 1808
1719410734988 0.11289042234420776 1818
1719410735653 0.06983084976673126 1828
1719410736322 0.041331272572278976 1838
1719410737128 0.00965848658233881 1848
1719410738006 0.10022131353616714 1858
1719410738691 0.2855435311794281 1868
1719410746128 0.0251136627048254 1876
1719410746888 0.0615181028842926 1886
1719410747661 0.16360752284526825 1896
1719410748520 0.02893960289657116 1906
1719410749274 0.1393006145954132 1916
1719410750044 0.032497916370630264 1926
1719410750901 0.02574998326599598 1936
1719410751604 0.17966708540916443 1946
1719410752335 0.09203577786684036 1956
1719410753139 0.02707250602543354 1966
1719410753853 0.05246135592460632 1976
1719410754622 0.03036333993077278 1986
1719410755417 0.048453278839588165 1996
1719410756140 0.053523674607276917 2006
1719410756876 0.09274286031723022 2016
1719410757852 0.01763114146888256 2026
1719410758731 0.030742892995476723 2036
1719410759468 0.08508028835058212 2046
1719410760275 0.1851433664560318 2056
1719410761067 0.13684606552124023 2066
1719410761845 0.0859663188457489 2076
1719410762569 0.02283416874706745 2086
1719410763304 0.08001526445150375 2096
1719410764080 0.02925993502140045 2106
1719410764849 0.010568711906671524 2116
1719410765585 0.19350098073482513 2126
1719410766350 0.018562663346529007 2136
1719410767129 0.025782454758882523 2146
1719410767974 0.04796282947063446 2156
1719410768746 0.05177583172917366 2166
1719410769489 0.02607748471200466 2176
1719410770287 0.055292997509241104 2186
1719410771055 0.029317401349544525 2196
1719410771781 0.037608642131090164 2206
1719410773575 0.12239715456962585 2216
1719410774325 0.013600884936749935 2226
1719410775049 0.0477590337395668 2236
1719410775806 0.18927554786205292 2246
1719410776586 0.16448341310024261 2256
1719410777311 0.03288620710372925 2266
1719410778263 0.10204160213470459 2276
1719410779063 0.13884875178337097 2286
1719410779794 0.052624695003032684 2296
1719410780554 0.03333469107747078 2306
1719410781346 0.06621401757001877 2316
1719410782068 0.030310960486531258 2326
1719410782829 0.24060213565826416 2336
1719410783616 0.024139946326613426 2346
1719410784343 0.03407752513885498 2356
1719410785096 0.11109993606805801 2366
1719410785909 0.030110007151961327 2376
1719410786626 0.062050335109233856 2386
1719410787387 0.014564894139766693 2396
1719410788296 0.1434246003627777 2406
1719410789075 0.061468787491321564 2416
1719410789792 0.046533431857824326 2426
1719410790674 0.020798135548830032 2436
1719410791451 0.07971729338169098 2446
1719410792178 0.11712323129177094 2456
1719410792913 0.08722379058599472 2466
1719410793667 0.03564208000898361 2476
1719410794444 0.037496086210012436 2486
1719410795247 0.04051879048347473 2496
1719410796063 0.06973657757043839 2506
1719410796805 0.03276674076914787 2516
1719410797725 0.0219444427639246 2526
1719410798503 0.05751723423600197 2536
1719410799227 0.07256084680557251 2546
1719410800044 0.12253237515687943 2556
1719410800817 0.07599596679210663 2566
1719410801547 0.021032201126217842 2576
1719410802327 0.0540904775261879 2586
1719410803044 0.24279050529003143 2596
1719410804785 0.06257925182580948 2606
1719410805562 0.025888580828905106 2616
1719410806390 0.07209085673093796 2626
1719410807108 0.0347844697535038 2636
1719410807998 0.028073877096176147 2646
1719410808841 0.013055775314569473 2656
1719410809674 0.24316464364528656 2666
1719410810544 0.14067155122756958 2676
1719410811539 0.08444303274154663 2686
1719410812309 0.0312424898147583 2696
1719410812981 0.05880565568804741 2706
1719410813719 0.13483664393424988 2716
1719410814439 0.08583810180425644 2726
1719410815137 0.032769594341516495 2736
1719410815850 0.04005070775747299 2746
1719410816580 0.026336630806326866 2756
1719410817278 0.07642078399658203 2766
1719410818038 0.08019392192363739 2776
1719410818864 0.06682759523391724 2786
1719410819557 0.1417229175567627 2796
1719410820273 0.014388931915163994 2806
1719410827080 0.004905327223241329 2814
1719410827993 0.07281270623207092 2824
1719410828747 0.06598173081874847 2834
1719410829575 0.08150367438793182 2844
1719410830407 0.01906374655663967 2854
1719410831126 0.026612497866153717 2864
1719410831895 0.02043811045587063 2874
1719410832636 0.016199231147766113 2884
1719410833392 0.027628624811768532 2894
1719410834605 0.02272852510213852 2904
1719410836009 0.010056042112410069 2914
1719410836863 0.03428201377391815 2924
1719410837701 0.061740387231111526 2934
1719410838619 0.08796412497758865 2944
1719410839679 0.058480456471443176 2954
1719410840759 0.11167217791080475 2964
1719410841619 0.02333848923444748 2974
1719410842489 0.04033832252025604 2984
1719410843269 0.1214907169342041 2994
1719410844065 0.025510070845484734 3004
1719410844778 0.018889395520091057 3014
1719410845535 0.039175257086753845 3024
1719410846314 0.05752622336149216 3034
1719410847059 0.047666676342487335 3044
1719410847967 0.1312745362520218 3054
1719410848767 0.02175498940050602 3064
1719410849535 0.0069302585907280445 3074
1719410850312 0.012451611459255219 3084
1719410851112 0.052823323756456375 3094
1719410851824 0.06734619289636612 3104
1719410852587 0.05967693775892258 3114
1719410853323 0.005388208664953709 3124
1719410854116 0.06240538880228996 3134
1719410855483 0.053134985268116 3144
1719410856609 0.098429836332798 3154
1719410857611 0.07013410329818726 3164
1719410858498 0.017094187438488007 3174
1719410859256 0.023298639804124832 3184
1719410860049 0.019122952595353127 3194
1719410860963 0.04111020267009735 3204
1719410861707 0.055283788591623306 3214
1719410862539 0.0245638657361269 3224
1719410863471 0.04784611240029335 3234
1719410864320 0.036064695566892624 3244
1719410865065 0.029000071808695793 3254
1719410866916 0.1482360064983368 3264
1719410867737 0.03736511617898941 3274
1719410868791 0.156883105635643 3284
1719410869704 0.025859694927930832 3294
1719410870611 0.031841106712818146 3304
1719410871520 0.1457785665988922 3314
1719410872348 0.08104260265827179 3324
1719410873220 0.09894028306007385 3334
1719410873988 0.04556870087981224 3344
1719410874802 0.023813320323824883 3354
1719410875664 0.03576984629034996 3364
1719410876585 0.0628785490989685 3374
1719410877566 0.052990272641181946 3384
1719410878673 0.029225928708910942 3394
1719410879783 0.17135335505008698 3404
1719410880615 0.02045784518122673 3414
1719410881484 0.14480212330818176 3424
1719410882492 0.04861817881464958 3434
1719410883235 0.024627946317195892 3444
1719410884032 0.045214466750621796 3454
1719410884815 0.029656507074832916 3464
1719410885612 0.0582064688205719 3474
1719410886429 0.23638644814491272 3484
1719410887193 0.038455531001091 3494
1719410888027 0.05045679211616516 3504
1719410888888 0.06045502796769142 3514
1719410889639 0.04538711905479431 3524
1719410890482 0.16067014634609222 3534
1719410891286 0.22934657335281372 3544
1719410892001 0.023665547370910645 3554
1719410892737 0.01822471059858799 3564
1719410893486 0.05976179242134094 3574
1719410894195 0.04042116925120354 3584
1719410894937 0.1670791208744049 3594
1719410895697 0.010088716633617878 3604
1719410896840 0.014288621954619884 3614
1719410898302 0.152425616979599 3624
1719410899132 0.004899234510958195 3634
1719410899870 0.023986894637346268 3644
1719410900707 0.11788026243448257 3654
1719410901486 0.07158969342708588 3664
1719410902183 0.047716010361909866 3674
1719410902901 0.04988663271069527 3684
1719410903603 0.021670270711183548 3694
1719410904337 0.03651602566242218 3704
1719410905072 0.03664977476000786 3714
1719410905787 0.0873405858874321 3724
1719410906541 0.07288691401481628 3734
1719410907283 0.03152880817651749 3744
1719410913925 0.09513388574123383 3752
1719410914607 0.013218617998063564 3762
1719410915535 0.013472108170390129 3772
1719410916389 0.06435171514749527 3782
1719410917106 0.024109527468681335 3792
1719410917885 0.021790074184536934 3802
1719410918651 0.03137911111116409 3812
1719410919343 0.0513465590775013 3822
1719410920076 0.015538092702627182 3832
1719410920804 0.021325625479221344 3842
1719410921471 0.010763159953057766 3852
1719410922174 0.009607105515897274 3862
1719410922878 0.07050081342458725 3872
1719410923571 0.028988461941480637 3882
1719410924260 0.039761193096637726 3892
1719410924955 0.02429661527276039 3902
1719410925669 0.027833854779601097 3912
1719410926334 0.006212136708199978 3922
1719410927063 0.014236202463507652 3932
1719410928885 0.010132521390914917 3942
1719410929569 0.05355634167790413 3952
1719410930277 0.006851918064057827 3962
1719410931093 0.03991531953215599 3972
1719410931765 0.028728701174259186 3982
1719410932464 0.020459506660699844 3992
1719410933149 0.004685796797275543 4002
1719410933838 0.04185821861028671 4012
1719410934512 0.005785679444670677 4022
1719410935184 0.008481835015118122 4032
1719410935894 0.050037529319524765 4042
1719410936585 0.0744822770357132 4052
1719410937317 0.06168980151414871 4062
1719410938167 0.014654049649834633 4072
1719410938927 0.10789380222558975 4082
1719410939628 0.033023398369550705 4092
1719410940316 0.01326766051352024 4102
1719410941136 0.032926905900239944 4112
1719410941824 0.13708385825157166 4122
1719410942511 0.021586790680885315 4132
1719410943224 0.0028709745965898037 4142
1719410943900 0.008571001701056957 4152
1719410944587 0.033579833805561066 4162
1719410945320 0.014777466654777527 4172
1719410946005 0.005427197087556124 4182
1719410946686 0.07491878420114517 4192
1719410947430 0.038665708154439926 4202
1719410948199 0.022381236776709557 4212
1719410948874 0.008131250739097595 4222
1719410949589 0.008414611220359802 4232
1719410950331 0.04937667399644852 4242
1719410950999 0.0026545810978859663 4252
1719410951693 0.0524536669254303 4262
1719410952381 0.031848885118961334 4272
1719410953069 0.03041727840900421 4282
1719410953767 0.02210948057472706 4292
1719410954455 0.0037800925783813 4302
1719410955139 0.024143438786268234 4312
1719410955797 0.08302893489599228 4322
1719410956497 0.013974097557365894 4332
1719410957221 0.08444800972938538 4342
1719410957945 0.005459458567202091 4352
1719410959688 0.057085130363702774 4362
1719410960366 0.1500076800584793 4372
1719410961129 0.03801405802369118 4382
1719410961845 0.016584575176239014 4392
1719410962554 0.02336275763809681 4402
1719410963240 0.044405993074178696 4412
1719410963952 0.006115421187132597 4422
1719410964611 0.012123643420636654 4432
1719410965282 0.022976132109761238 4442
1719410965998 0.034452617168426514 4452
1719410966674 0.011158054694533348 4462
1719410967341 0.018472816795110703 4472
1719410968168 0.03620389103889465 4482
1719410968893 0.03828151151537895 4492
1719410969600 0.011605610139667988 4502
1719410970345 0.009474002756178379 4512
1719410971076 0.027996907010674477 4522
1719410971758 0.009940726682543755 4532
1719410972486 0.025165565311908722 4542
1719410973155 0.00736432196572423 4552
1719410973837 0.10578128695487976 4562
1719410974523 0.04488764703273773 4572
1719410975208 0.01049367431551218 4582
1719410975901 0.02491093799471855 4592
1719410976612 0.004918107762932777 4602
1719410977301 0.01948106661438942 4612
1719410978042 0.028169624507427216 4622
1719410978770 0.022676577791571617 4632
1719410979469 0.10517356544733047 4642
1719410980158 0.062387797981500626 4652
1719410980873 0.007758081424981356 4662
1719410981555 0.009279891848564148 4672
1719410982243 0.014643806032836437 4682
