1719309026017 2.298173427581787 0
1719309026681 2.142068862915039 10
1719309027362 1.7783162593841553 20
1719309028047 1.15315842628479 30
1719309028732 0.6812844276428223 40
1719309029393 0.6089810729026794 50
1719309030058 0.5841076970100403 60
1719309030748 0.3861934244632721 70
1719309031447 0.41004952788352966 80
1719309032149 0.5297379493713379 90
1719309032840 0.44381579756736755 100
1719309033499 0.4082055985927582 110
1719309034171 0.47151702642440796 120
1719309034885 0.4037925601005554 130
1719309035560 0.5795366168022156 140
1719309036196 0.41163378953933716 150
1719309036840 0.3028900623321533 160
1719309037520 0.4494972825050354 170
1719309038189 0.3704959452152252 180
1719309038848 0.3311575949192047 190
1719309039512 0.2726489007472992 200
1719309040171 0.6120505332946777 210
1719309040838 0.3235928416252136 220
1719309041574 0.24334265291690826 230
1719309042311 0.21184009313583374 240
1719309043002 0.30667319893836975 250
1719309043680 0.3374139368534088 260
1719309044393 0.21309685707092285 270
1719309045081 0.19953559339046478 280
1719309045745 0.22284182906150818 290
1719309046422 0.3833457827568054 300
1719309047090 0.33011993765830994 310
1719309047760 0.1566380262374878 320
1719309048485 0.12611399590969086 330
1719309049138 0.23840367794036865 340
1719309049802 0.2700919508934021 350
1719309050486 0.17834198474884033 360
1719309051145 0.5093910098075867 370
1719309051845 0.36137282848358154 380
1719309052575 0.1211199164390564 390
1719309053274 0.3296976387500763 400
1719309053938 0.2007146030664444 410
1719309054668 0.28924837708473206 420
1719309055350 0.15458348393440247 430
1719309056021 0.2622862756252289 440
1719309056674 0.23556824028491974 450
1719309057359 0.08741694688796997 460
1719309058023 0.30015456676483154 470
1719309058726 0.10517854243516922 480
1719309059420 0.2846739590167999 490
1719309060087 0.15216147899627686 500
1719309060740 0.13972297310829163 510
1719309061413 0.19308404624462128 520
1719309062175 0.1967826932668686 530
1719309062862 0.2574393153190613 540
1719309063526 0.2611851394176483 550
1719309064232 0.13795262575149536 560
1719309064973 0.5338307023048401 570
1719309065635 0.3890194892883301 580
1719309066312 0.22466059029102325 590
1719309066975 0.28664636611938477 600
1719309067625 0.2086820751428604 610
1719309068306 0.14221738278865814 620
1719309068978 0.26508718729019165 630
1719309069650 0.22516413033008575 640
1719309070305 0.18567349016666412 650
1719309070895 0.12626072764396667 660
1719309071637 0.2723962366580963 670
1719309072308 0.19426077604293823 680
1719309072982 0.07603845000267029 690
1719309073635 0.13631097972393036 700
1719309074340 0.1657523363828659 710
1719309075023 0.1204235851764679 720
1719309075687 0.1860116869211197 730
1719309076344 0.08467651903629303 740
1719309077023 0.2896384596824646 750
1719309077685 0.24230754375457764 760
1719309078349 0.10662727057933807 770
1719309079021 0.30685126781463623 780
1719309079770 0.1431732177734375 790
1719309080471 0.13984887301921844 800
1719309081154 0.24413160979747772 810
1719309081878 0.5155860185623169 820
1719309082581 0.24771951138973236 830
1719309083300 0.27046284079551697 840
1719309083978 0.14541839063167572 850
1719309085041 0.16917453706264496 860
1719309085747 0.08442690968513489 870
1719309086490 0.3833456039428711 880
1719309087176 0.26121923327445984 890
1719309087844 0.23487484455108643 900
1719309088541 0.13555802404880524 910
1719309089230 0.05155858397483826 920
1719309089913 0.2335166484117508 930
1719309095610 0.04417264461517334 938
1719309096303 0.09485403448343277 948
1719309096990 0.0504232719540596 958
1719309097685 0.14522816240787506 968
1719309098341 0.11694454401731491 978
1719309099001 0.04727083444595337 988
1719309099679 0.3169664442539215 998
1719309100352 0.11236622184515 1008
1719309101000 0.0993422344326973 1018
1719309101777 0.07232845574617386 1028
1719309102454 0.24046814441680908 1038
1719309103094 0.07190539687871933 1048
1719309103779 0.16966789960861206 1058
1719309104508 0.07317459583282471 1068
1719309105148 0.0387999564409256 1078
1719309105817 0.22685468196868896 1088
1719309106508 0.057063668966293335 1098
1719309107148 0.06679806113243103 1108
1719309107799 0.07329902052879333 1118
1719309108472 0.11839970201253891 1128
1719309109137 0.03063543699681759 1138
1719309109797 0.0438019335269928 1148
1719309110503 0.100009985268116 1158
1719309111154 0.17594024538993835 1168
1719309111825 0.15202724933624268 1178
1719309112541 0.11946813017129898 1188
1719309113213 0.1290157437324524 1198
1719309113860 0.11788087338209152 1208
1719309114585 0.04780213162302971 1218
1719309115256 0.026533879339694977 1228
1719309115910 0.03549458086490631 1238
1719309116581 0.12072627246379852 1248
1719309117251 0.181744784116745 1258
1719309117925 0.028003593906760216 1268
1719309118577 0.14291450381278992 1278
1719309119264 0.13684271275997162 1288
1719309119920 0.07703220099210739 1298
1719309120584 0.12177933752536774 1308
1719309121233 0.0944119542837143 1318
1719309122174 0.05133562535047531 1328
1719309122858 0.12550276517868042 1338
1719309123531 0.15068398416042328 1348
1719309124276 0.1327022910118103 1358
1719309124959 0.06294699013233185 1368
1719309125636 0.10995490849018097 1378
1719309126318 0.06596803665161133 1388
1719309127022 0.160281240940094 1398
1719309127698 0.07978855073451996 1408
1719309128398 0.15956665575504303 1418
1719309129077 0.06239708885550499 1428
1719309129746 0.1898273229598999 1438
1719309130422 0.12197020649909973 1448
1719309131089 0.014631006866693497 1458
1719309131898 0.16383931040763855 1468
1719309132597 0.08029786497354507 1478
1719309133272 0.087656170129776 1488
1719309133918 0.05058223381638527 1498
1719309134616 0.09982306510210037 1508
1719309135290 0.03585142269730568 1518
1719309135930 0.0474458746612072 1528
1719309136579 0.08874519914388657 1538
1719309137246 0.05008251592516899 1548
1719309137906 0.021028466522693634 1558
1719309138558 0.055831681936979294 1568
1719309139245 0.03305308520793915 1578
1719309139900 0.08710800111293793 1588
1719309140560 0.18952485918998718 1598
1719309141300 0.12215443700551987 1608
1719309142037 0.09608233720064163 1618
1719309142716 0.041977062821388245 1628
1719309143369 0.13064996898174286 1638
1719309144088 0.14998404681682587 1648
1719309144851 0.04083576798439026 1658
1719309145536 0.09134658426046371 1668
1719309146246 0.09398680180311203 1678
1719309146905 0.08924759924411774 1688
1719309147573 0.09717357158660889 1698
1719309148267 0.12354721128940582 1708
1719309148947 0.06046653911471367 1718
1719309149612 0.08129063993692398 1728
1719309150269 0.21976786851882935 1738
1719309150975 0.09294670820236206 1748
1719309151678 0.048728980123996735 1758
1719309152375 0.016314011067152023 1768
1719309153084 0.018003692850470543 1778
1719309153765 0.1771368533372879 1788
1719309154492 0.09584970772266388 1798
1719309155209 0.1008584052324295 1808
1719309155924 0.06144013628363609 1818
1719309156644 0.035025667399168015 1828
1719309157352 0.0777013748884201 1838
1719309158043 0.019005103036761284 1848
1719309158763 0.030088461935520172 1858
1719309159519 0.08602108061313629 1868
1719309166004 0.12401176244020462 1876
1719309166715 0.05774982273578644 1886
1719309167424 0.0241436418145895 1896
1719309168233 0.043215397745370865 1906
1719309168955 0.044775232672691345 1916
1719309169646 0.03528473153710365 1926
1719309170340 0.030844103544950485 1936
1719309171061 0.10856074094772339 1946
1719309171749 0.05414077639579773 1956
1719309172422 0.03558375686407089 1966
1719309173122 0.15739738941192627 1976
1719309173784 0.02296319417655468 1986
1719309174487 0.04125851020216942 1996
1719309175201 0.025952182710170746 2006
1719309175865 0.027989307418465614 2016
1719309176525 0.014249058440327644 2026
1719309177806 0.02861359342932701 2036
1719309178657 0.060872506350278854 2046
1719309179371 0.06642983108758926 2056
1719309180035 0.047806110233068466 2066
1719309180707 0.035418540239334106 2076
1719309181408 0.1149061992764473 2086
1719309182161 0.17581726610660553 2096
1719309182859 0.06063506007194519 2106
1719309183545 0.056781183928251266 2116
1719309184238 0.013543812558054924 2126
1719309184930 0.025851983577013016 2136
1719309185612 0.07563883811235428 2146
1719309186294 0.06365825980901718 2156
1719309186968 0.18021245300769806 2166
1719309187635 0.0581895112991333 2176
1719309188294 0.040577396750450134 2186
1719309188977 0.09256096929311752 2196
1719309189701 0.01365856546908617 2206
1719309190368 0.08838505297899246 2216
1719309191062 0.03785524517297745 2226
1719309191828 0.03523324802517891 2236
1719309192525 0.10144918411970139 2246
1719309193274 0.0596296489238739 2256
1719309193969 0.11092974245548248 2266
1719309194743 0.13351567089557648 2276
1719309195445 0.08194959163665771 2286
1719309196107 0.14891010522842407 2296
1719309196770 0.10570177435874939 2306
1719309197490 0.06714942306280136 2316
1719309198143 0.04921538010239601 2326
1719309198801 0.04350362718105316 2336
1719309199960 0.07828015089035034 2346
1719309200630 0.01560345571488142 2356
1719309201375 0.018885863944888115 2366
1719309202146 0.0028837888967245817 2376
1719309202816 0.03870869427919388 2386
1719309203477 0.027433179318904877 2396
1719309204167 0.04902888461947441 2406
1719309204954 0.17483630776405334 2416
1719309205649 0.09692800045013428 2426
1719309206347 0.026847245171666145 2436
1719309207010 0.07924466580152512 2446
1719309207679 0.359030544757843 2456
1719309208369 0.07354126870632172 2466
1719309209039 0.18525072932243347 2476
1719309209690 0.03075597621500492 2486
1719309210374 0.01905916817486286 2496
1719309211074 0.07427261769771576 2506
1719309211764 0.021799100562930107 2516
1719309212467 0.03042568452656269 2526
1719309213131 0.03461988642811775 2536
1719309213818 0.04409201070666313 2546
1719309214563 0.09474059194326401 2556
1719309215226 0.06852693110704422 2566
1719309215883 0.09149680286645889 2576
1719309216525 0.09764960408210754 2586
1719309217196 0.01080994587391615 2596
1719309217888 0.031506605446338654 2606
1719309218551 0.015192863531410694 2616
1719309219207 0.039448801428079605 2626
1719309219912 0.05852660909295082 2636
1719309220578 0.026588665321469307 2646
1719309221187 0.022194065153598785 2656
1719309221933 0.05007733032107353 2666
1719309222630 0.05733580142259598 2676
1719309222359 0.039442263543605804 2686
1719309223083 0.00894550047814846 2696
1719309223849 0.05708754062652588 2706
1719309224514 0.07517474889755249 2716
1719309225199 0.016554106026887894 2726
1719309225860 0.10049755871295929 2736
1719309226509 0.23652522265911102 2746
1719309227168 0.023670516908168793 2756
1719309227849 0.0190113615244627 2766
1719309228519 0.07164428383111954 2776
1719309229163 0.0870586708188057 2786
1719309229839 0.0752062126994133 2796
1719309230518 0.07165737450122833 2806
1719309236306 0.03157024830579758 2814
1719309236958 0.10360143333673477 2824
1719309237616 0.08387624472379684 2834
1719309238278 0.051928792148828506 2844
1719309238984 0.02939419262111187 2854
1719309239649 0.2760525941848755 2864
1719309240325 0.014873646199703217 2874
1719309241084 0.10830580443143845 2884
1719309241772 0.07077428698539734 2894
1719309242443 0.02756563015282154 2904
1719309243169 0.0269311536103487 2914
1719309243881 0.040303293615579605 2924
1719309244536 0.09732227772474289 2934
1719309245216 0.062320027500391006 2944
1719309245888 0.19451993703842163 2954
1719309246558 0.06875816732645035 2964
1719309247232 0.07516896724700928 2974
1719309247935 0.024606062099337578 2984
1719309248596 0.016008436679840088 2994
1719309249246 0.08234891295433044 3004
1719309250725 0.0830080434679985 3014
1719309251402 0.036829397082328796 3024
1719309251617 0.01675211265683174 3034
1719309252332 0.027955789119005203 3044
1719309252986 0.008260679431259632 3054
1719309253641 0.04865305870771408 3064
1719309254358 0.005753320641815662 3074
1719309255059 0.015089360065758228 3084
1719309255724 0.008004812523722649 3094
1719309256372 0.049929093569517136 3104
1719309257045 0.07139353454113007 3114
1719309257711 0.05238940939307213 3124
1719309258383 0.09759598225355148 3134
1719309259079 0.10703453421592712 3144
1719309259737 0.08888331055641174 3154
1719309260409 0.012470926158130169 3164
1719309261636 0.016926078125834465 3174
1719309262633 0.029698112979531288 3184
1719309263501 0.019462665542960167 3194
1719309264399 0.04153740406036377 3204
1719309265217 0.012839198112487793 3214
1719309266086 0.03979765996336937 3224
1719309266869 0.12082236260175705 3234
1719309267616 0.03604965656995773 3244
1719309268339 0.02217746153473854 3254
1719309268979 0.033885709941387177 3264
1719309269598 0.10344091057777405 3274
1719309270213 0.011414348147809505 3284
1719309270869 0.007349727675318718 3294
1719309271503 0.024863919243216515 3304
1719309272217 0.012482075951993465 3314
1719309273004 0.08875380456447601 3324
1719309273708 0.0715046226978302 3334
1719309274476 0.046523965895175934 3344
1719309275183 0.050460055470466614 3354
1719309275902 0.07996167242527008 3364
1719309276567 0.06111527234315872 3374
1719309277240 0.0073606157675385475 3384
1719309277922 0.01638561673462391 3394
1719309278612 0.025687800720334053 3404
1719309279277 0.03742145001888275 3414
1719309279989 0.0297751072794199 3424
1719309280675 0.07918082922697067 3434
1719309281333 0.035928402096033096 3444
1719309282059 0.04862909018993378 3454
1719309282750 0.013344891369342804 3464
1719309283430 0.025751039385795593 3474
1719309284114 0.025285763666033745 3484
1719309284805 0.05692183971405029 3494
1719309285469 0.05166749656200409 3504
1719309286151 0.05556319281458855 3514
1719309286810 0.031492359936237335 3524
1719309287485 0.02317582070827484 3534
1719309288158 0.05156618356704712 3544
1719309288835 0.006326840724796057 3554
1719309289507 0.03708627447485924 3564
1719309290172 0.029294444248080254 3574
1719309290856 0.022677134722471237 3584
1719309291542 0.1699996292591095 3594
1719309292231 0.028209015727043152 3604
1719309292951 0.03804083913564682 3614
1719309293803 0.02001861482858658 3624
1719309294607 0.028452105820178986 3634
1719309295327 0.02453959919512272 3644
1719309296012 0.018894735723733902 3654
1719309296707 0.034514691680669785 3664
1719309297406 0.030683528631925583 3674
1719309298085 0.004493164364248514 3684
1719309298779 0.0915353074669838 3694
1719309299486 0.051389433443546295 3704
1719309300187 0.004200119525194168 3714
1719309300876 0.028253987431526184 3724
1719309301560 0.012122012674808502 3734
1719309302297 0.013291128911077976 3744
1719309308034 0.018344329670071602 3752
1719309308699 0.08951272815465927 3762
1719309309341 0.0048341224901378155 3772
1719309310004 0.007887328043580055 3782
1719309310687 0.008943506516516209 3792
1719309311359 0.10449675470590591 3802
1719309311468 0.01491529494524002 3812
1719309312214 0.00897772703319788 3822
1719309312876 0.0019245606381446123 3832
1719309313537 0.03721686452627182 3842
1719309314317 0.012197744101285934 3852
1719309315014 0.04322342574596405 3862
1719309315754 0.003983806818723679 3872
1719309316421 0.09653952717781067 3882
1719309317126 0.025644347071647644 3892
1719309317788 0.05875037983059883 3902
1719309318447 0.07079383730888367 3912
1719309319187 0.11622627824544907 3922
1719309319893 0.09673727303743362 3932
1719309320564 0.002852837787941098 3942
1719309321303 0.050307225435972214 3952
1719309322123 0.12097573280334473 3962
1719309322794 0.1749058961868286 3972
1719309323491 0.0322607085108757 3982
1719309324262 0.015738919377326965 3992
1719309324991 0.10067728161811829 4002
1719309325726 0.02886188216507435 4012
1719309326452 0.006564884912222624 4022
1719309327164 0.03927835449576378 4032
1719309327892 0.04701142758131027 4042
1719309328667 0.03734782710671425 4052
1719309329373 0.07557522505521774 4062
1719309330057 0.0425511971116066 4072
1719309330723 0.02883807383477688 4082
1719309331417 0.015555376186966896 4092
1719309332129 0.046608224511146545 4102
1719309332847 0.00887034460902214 4112
1719309333521 0.011535478755831718 4122
1719309334206 0.14796312153339386 4132
1719309334949 0.01622265763580799 4142
1719309335630 0.10277017951011658 4152
1719309336308 0.02014004997909069 4162
1719309337010 0.025849729776382446 4172
1719309337684 0.02753891609609127 4182
1719309338361 0.008196494542062283 4192
1719309339030 0.10640367120504379 4202
1719309339820 0.021113328635692596 4212
1719309340481 0.04353422299027443 4222
1719309341163 0.04950779303908348 4232
1719309341934 0.01637253910303116 4242
1719309342650 0.08638449013233185 4252
1719309343341 0.04772661253809929 4262
1719309344070 0.050367195159196854 4272
1719309344804 0.1069694310426712 4282
1719309345490 0.12149982154369354 4292
1719309346212 0.0156900342553854 4302
1719309346970 0.01050870306789875 4312
1719309347636 0.01482515037059784 4322
1719309348302 0.009203311987221241 4332
1719309348994 0.02171364054083824 4342
1719309349669 0.010301576927304268 4352
1719309350340 0.07719036936759949 4362
1719309351040 0.07850069552659988 4372
1719309351732 0.07435159385204315 4382
1719309352420 0.008286635391414165 4392
1719309353127 0.058813195675611496 4402
1719309353800 0.00456093717366457 4412
1719309354467 0.033411089330911636 4422
1719309355199 0.05966326221823692 4432
1719309355864 0.019091980531811714 4442
1719309356537 0.06876133382320404 4452
1719309357155 0.0632905662059784 4462
1719309357795 0.03962963819503784 4472
1719309358421 0.006669912487268448 4482
1719309359042 0.022444212809205055 4492
1719309359723 0.02892417646944523 4502
1719309360403 0.010575184598565102 4512
1719309361088 0.10894693434238434 4522
1719309361809 0.017676737159490585 4532
1719309362497 0.18083256483078003 4542
1719309363178 0.003673808416351676 4552
1719309363881 0.06230173632502556 4562
1719309364593 0.03765144571661949 4572
1719309365253 0.042800139635801315 4582
1719309365930 0.008763942867517471 4592
1719309366616 0.011598233133554459 4602
1719309367268 0.03588404878973961 4612
1719309367944 0.014599611982703209 4622
1719309368640 0.053208254277706146 4632
1719309369305 0.06981445103883743 4642
1719309369985 0.04536403715610504 4652
1719309370687 0.01613743230700493 4662
1719309371347 0.008563105016946793 4672
1719309371038 0.08481428772211075 4682
