1719301420119 2.309723377227783 0
1719301420610 2.0539028644561768 10
1719301421078 1.4875154495239258 20
1719301421546 0.8430836796760559 30
1719301422011 0.4514666199684143 40
1719301422496 0.7115129232406616 50
1719301422945 0.47058039903640747 60
1719301423390 0.20652605593204498 70
1719301424020 0.3036651611328125 80
1719301424702 0.49627840518951416 90
1719301425348 0.5068716406822205 100
1719301425943 0.38951432704925537 110
1719301426433 0.3894737958908081 120
1719301426885 0.3735010027885437 130
1719301427337 0.5176075100898743 140
1719301427784 0.2534167766571045 150
1719301428341 0.21522291004657745 160
1719301428990 0.4374730885028839 170
1719301429696 0.47932660579681396 180
1719301430406 0.2690112590789795 190
1719301431018 0.3671170771121979 200
1719301431577 0.19897155463695526 210
1719301432241 0.2511511445045471 220
1719301432940 0.2215503752231598 230
1719301433637 0.3773966431617737 240
1719301434294 0.21237677335739136 250
1719301434966 0.2964068651199341 260
1719301435664 0.3907025158405304 270
1719301436312 0.3860146701335907 280
1719301436999 0.40044131875038147 290
1719301437640 0.2911449372768402 300
1719301438351 0.24067316949367523 310
1719301439075 0.23120886087417603 320
1719301439784 0.5336027145385742 330
1719301440440 0.20503643155097961 340
1719301441155 0.2028294950723648 350
1719301441838 0.1522630751132965 360
1719301442489 0.22609594464302063 370
1719301443285 0.23203794658184052 380
1719301443968 0.2537016272544861 390
1719301444642 0.11975111812353134 400
1719301445307 0.24218273162841797 410
1719301446041 0.1402168720960617 420
1719301446704 0.28794237971305847 430
1719301447357 0.18280772864818573 440
1719301448061 0.2516762316226959 450
1719301448718 0.25658366084098816 460
1719301449362 0.2530710995197296 470
1719301450058 0.1633923053741455 480
1719301450719 0.3583281338214874 490
1719301451379 0.3362906277179718 500
1719301452073 0.07450184971094131 510
1719301452851 0.30746299028396606 520
1719301453538 0.22746069729328156 530
1719301454198 0.18836382031440735 540
1719301454883 0.1531105488538742 550
1719301455579 0.2968832552433014 560
1719301456233 0.16971509158611298 570
1719301456900 0.057937394827604294 580
1719301457569 0.2809566259384155 590
1719301458247 0.21291275322437286 600
1719301458935 0.10015248507261276 610
1719301459604 0.44876739382743835 620
1719301460283 0.18573792278766632 630
1719301460959 0.17779269814491272 640
1719301461626 0.22348226606845856 650
1719301462274 0.24535904824733734 660
1719301462992 0.12846127152442932 670
1719301463700 0.24587595462799072 680
1719301464358 0.1547246277332306 690
1719301465035 0.12475944310426712 700
1719301465740 0.20163586735725403 710
1719301466429 0.24119791388511658 720
1719301467068 0.35975897312164307 730
1719301467739 0.1633574664592743 740
1719301468427 0.18595121800899506 750
1719301469082 0.2138945758342743 760
1719301469746 0.11946585029363632 770
1719301470425 0.08465737849473953 780
1719301471101 0.09274423122406006 790
1719301471748 0.07250985503196716 800
1719301472444 0.1748974323272705 810
1719301473178 0.14865967631340027 820
1719301473890 0.23067432641983032 830
1719301474603 0.08163297176361084 840
1719301475253 0.26111316680908203 850
1719301475932 0.30175286531448364 860
1719301476620 0.47213298082351685 870
1719301477295 0.3007267713546753 880
1719301477960 0.19262075424194336 890
1719301478635 0.1128360778093338 900
1719301479327 0.05617062374949455 910
1719301479997 0.08317214250564575 920
1719301480680 0.1621125340461731 930
1719301486338 0.10837972164154053 938
1719301487018 0.20792967081069946 948
1719301487705 0.09257245063781738 958
1719301488354 0.10919290781021118 968
1719301489023 0.12696698307991028 978
1719301489721 0.15621696412563324 988
1719301490378 0.10431033372879028 998
1719301491042 0.02918212115764618 1008
1719301491722 0.0975605845451355 1018
1719301492391 0.3448588252067566 1028
1719301493108 0.1573493629693985 1038
1719301493787 0.045740000903606415 1048
1719301494491 0.10746683180332184 1058
1719301495165 0.10573221743106842 1068
1719301494118 0.06885262578725815 1078
1719301494803 0.18025270104408264 1088
1719301495467 0.051656391471624374 1098
1719301496147 0.12892186641693115 1108
1719301496837 0.13759881258010864 1118
1719301497515 0.13546428084373474 1128
1719301498171 0.12308280915021896 1138
1719301498832 0.07753501832485199 1148
1719301499564 0.14689987897872925 1158
1719301500239 0.10393138974905014 1168
1719301500896 0.1100747138261795 1178
1719301501635 0.10731718689203262 1188
1719301502318 0.12154654413461685 1198
1719301502980 0.12523731589317322 1208
1719301503699 0.1325518935918808 1218
1719301504471 0.0975814089179039 1228
1719301505189 0.10511232912540436 1238
1719301505921 0.095257967710495 1248
1719301506645 0.06865797936916351 1258
1719301507426 0.13771486282348633 1268
1719301508179 0.09946656972169876 1278
1719301508933 0.1026027575135231 1288
1719301509650 0.07763941586017609 1298
1719301510365 0.0781487450003624 1308
1719301511125 0.17541451752185822 1318
1719301511868 0.03569060564041138 1328
1719301512622 0.20585507154464722 1338
1719301513373 0.11242201179265976 1348
1719301514088 0.0817180722951889 1358
1719301514859 0.1882828176021576 1368
1719301515594 0.07888393104076385 1378
1719301516330 0.09501884877681732 1388
1719301517042 0.07235902547836304 1398
1719301517758 0.16124852001667023 1408
1719301518500 0.1130169928073883 1418
1719301519229 0.12818430364131927 1428
1719301519939 0.1235259398818016 1438
1719301521104 0.08088674396276474 1448
1719301521836 0.0858290046453476 1458
1719301522560 0.05979497358202934 1468
1719301523535 0.038249801844358444 1478
1719301524287 0.22147968411445618 1488
1719301525013 0.09105851501226425 1498
1719301525782 0.14948132634162903 1508
1719301526530 0.12890349328517914 1518
1719301527240 0.09781460464000702 1528
1719301527961 0.03260727599263191 1538
1719301528670 0.08207699656486511 1548
1719301529317 0.01924089714884758 1558
1719301529972 0.1855909824371338 1568
1719301530648 0.09303413331508636 1578
1719301531301 0.1107051819562912 1588
1719301531985 0.14686264097690582 1598
1719301532705 0.10969111323356628 1608
1719301533376 0.0674731656908989 1618
1719301534078 0.02527962625026703 1628
1719301534763 0.05294710397720337 1638
1719301535426 0.039309311658144 1648
1719301536126 0.04688625410199165 1658
1719301536783 0.17038367688655853 1668
1719301537411 0.04576573148369789 1678
1719301538024 0.1095191016793251 1688
1719301538641 0.06736711412668228 1698
1719301539263 0.19308874011039734 1708
1719301539888 0.09661556780338287 1718
1719301540517 0.013826493173837662 1728
1719301541134 0.08952043950557709 1738
1719301541734 0.044040605425834656 1748
1719301542374 0.016390424221754074 1758
1719301543125 0.15283401310443878 1768
1719301543808 0.15691101551055908 1778
1719301544481 0.03736355900764465 1788
1719301545154 0.18026380240917206 1798
1719301545848 0.0867798700928688 1808
1719301546514 0.08128301799297333 1818
1719301547179 0.14199908077716827 1828
1719301547855 0.13218481838703156 1838
1719301548495 0.13848307728767395 1848
1719301549139 0.04456799849867821 1858
1719301549819 0.050825558602809906 1868
1719301555255 0.08907999098300934 1876
1719301555928 0.033264853060245514 1886
1719301556606 0.04931499809026718 1896
1719301557274 0.031670279800891876 1906
1719301557912 0.02078079991042614 1916
1719301558587 0.051573745906353 1926
1719301559255 0.012084528803825378 1936
1719301559911 0.07078248262405396 1946
1719301560581 0.1091289147734642 1956
1719301561242 0.05859481170773506 1966
1719301561919 0.029243601486086845 1976
1719301562583 0.03660319000482559 1986
1719301563317 0.046970710158348083 1996
1719301564037 0.04657449573278427 2006
1719301564700 0.02220029942691326 2016
1719301565384 0.050854943692684174 2026
1719301566100 0.048114925622940063 2036
1719301566821 0.06182149797677994 2046
1719301567521 0.037639256566762924 2056
1719301568210 0.05942564830183983 2066
1719301568934 0.04285815358161926 2076
1719301569717 0.1856079399585724 2086
1719301570418 0.015692079439759254 2096
1719301571073 0.023221127688884735 2106
1719301571769 0.034055717289447784 2116
1719301572456 0.019957279786467552 2126
1719301573158 0.037189800292253494 2136
1719301573875 0.022193560376763344 2146
1719301574559 0.06653494387865067 2156
1719301575227 0.09626169502735138 2166
1719301575947 0.1306702345609665 2176
1719301576742 0.014304153621196747 2186
1719301577410 0.14169155061244965 2196
1719301578075 0.029932226985692978 2206
1719301578779 0.030188608914613724 2216
1719301579449 0.044650375843048096 2226
1719301580116 0.017996221780776978 2236
1719301580812 0.016551636159420013 2246
1719301581488 0.045492637902498245 2256
1719301582156 0.05119350925087929 2266
1719301582860 0.10836131870746613 2276
1719301583600 0.0066551403142511845 2286
1719301584274 0.08771277964115143 2296
1719301584960 0.06459930539131165 2306
1719301585648 0.08502934128046036 2316
1719301586371 0.0529538057744503 2326
1719301587046 0.00928251538425684 2336
1719301587731 0.07144493609666824 2346
1719301588399 0.0542265810072422 2356
1719301589059 0.02588987722992897 2366
1719301589746 0.1184404119849205 2376
1719301590415 0.07818016409873962 2386
1719301591090 0.034958742558956146 2396
1719301591784 0.01975048892199993 2406
1719301592577 0.020049788057804108 2416
1719301593443 0.037543609738349915 2426
1719301594137 0.04379226267337799 2436
1719301594793 0.032767653465270996 2446
1719301595471 0.09489443898200989 2456
1719301596197 0.008885132148861885 2466
1719301596848 0.03800183907151222 2476
1719301597508 0.030111707746982574 2486
1719301598246 0.09605047106742859 2496
1719301598929 0.15151159465312958 2506
1719301599642 0.045206185430288315 2516
1719301600305 0.026215484365820885 2526
1719301600986 0.20730534195899963 2536
1719301601648 0.06591551750898361 2546
1719301602310 0.019739961251616478 2556
1719301603491 0.04515835642814636 2566
1719301604438 0.014117617160081863 2576
1719301605122 0.08081509172916412 2586
1719301605835 0.08578012883663177 2596
1719301606578 0.10039669275283813 2606
1719301607269 0.05727506801486015 2616
1719301607928 0.11222612112760544 2626
1719301608618 0.09278298914432526 2636
1719301609268 0.04180314019322395 2646
1719301609954 0.06727821379899979 2656
1719301610613 0.058588068932294846 2666
1719301611264 0.02584739401936531 2676
1719301611938 0.0652448907494545 2686
1719301612605 0.02365095168352127 2696
1719301613320 0.03260992467403412 2706
1719301614038 0.013675997033715248 2716
1719301614691 0.09645159542560577 2726
1719301615393 0.04417165741324425 2736
1719301616485 0.03443274646997452 2746
1719301617247 0.07086201012134552 2756
1719301617901 0.036814626306295395 2766
1719301618581 0.015009686350822449 2776
1719301619240 0.14533288776874542 2786
1719301619897 0.033016324043273926 2796
1719301620649 0.10210131853818893 2806
1719301626864 0.03853880614042282 2814
1719301627597 0.07493177056312561 2824
1719301628287 0.11379887908697128 2834
1719301628961 0.027725640684366226 2844
1719301629681 0.026512928307056427 2854
1719301630349 0.0351097472012043 2864
1719301631041 0.04520326852798462 2874
1719301631788 0.029844211414456367 2884
1719301632487 0.03694857284426689 2894
1719301633236 0.010894899256527424 2904
1719301633957 0.033977899700403214 2914
1719301634630 0.01485336385667324 2924
1719301635310 0.02970672771334648 2934
1719301636021 0.056885335594415665 2944
1719301636674 0.04002898558974266 2954
1719301637353 0.022182848304510117 2964
1719301638040 0.009243356063961983 2974
1719301638706 0.05883484333753586 2984
1719301639405 0.14091074466705322 2994
1719301640061 0.015820562839508057 3004
1719301640744 0.06969331949949265 3014
1719301641401 0.004423333797603846 3024
1719301642074 0.10088422894477844 3034
1719301642753 0.03638412803411484 3044
1719301643488 0.018544673919677734 3054
1719301644993 0.0374411940574646 3064
1719301645786 0.146301731467247 3074
1719301646460 0.085518978536129 3084
1719301647203 0.07735629379749298 3094
1719301647906 0.0121931666508317 3104
1719301648582 0.030276358127593994 3114
1719301649292 0.029015276581048965 3124
1719301649984 0.027597442269325256 3134
1719301650669 0.04899014160037041 3144
1719301651362 0.02172141894698143 3154
1719301652064 0.026045938953757286 3164
1719301652759 0.0505090095102787 3174
1719301653528 0.004095322918146849 3184
1719301654316 0.12276097387075424 3194
1719301655031 0.05800439417362213 3204
1719301655897 0.026027651503682137 3214
1719301656573 0.03070433996617794 3224
1719301657245 0.13771319389343262 3234
1719301657953 0.026651952415704727 3244
1719301658622 0.0673009529709816 3254
1719301659339 0.048496585339307785 3264
1719301660048 0.08521415293216705 3274
1719301660764 0.036200109869241714 3284
1719301661433 0.13216932117938995 3294
1719301662674 0.08395610749721527 3304
1719301663527 0.037763483822345734 3314
1719301664261 0.10827938467264175 3324
1719301664960 0.020369337871670723 3334
1719301665626 0.044049207121133804 3344
1719301666303 0.030870353803038597 3354
1719301666996 0.07101883739233017 3364
1719301667651 0.050476424396038055 3374
1719301668322 0.025354787707328796 3384
1719301668997 0.024206440895795822 3394
1719301669684 0.023826342076063156 3404
1719301670332 0.11048856377601624 3414
1719301671024 0.014949764125049114 3424
1719301671744 0.16189686954021454 3434
1719301671718 0.03998109698295593 3444
1719301672448 0.03623184561729431 3454
1719301673199 0.0056925504468381405 3464
1719301673866 0.02587665244936943 3474
1719301674556 0.04592783376574516 3484
1719301675290 0.07445723563432693 3494
1719301675970 0.020363012328743935 3504
1719301676663 0.09808886796236038 3514
1719301677334 0.10718540102243423 3524
1719301677999 0.02102036029100418 3534
1719301678663 0.017156805843114853 3544
1719301679321 0.05671278014779091 3554
1719301680122 0.04685841128230095 3564
1719301680947 0.02248481847345829 3574
1719301681673 0.28360119462013245 3584
1719301682657 0.01452004536986351 3594
1719301683541 0.054799437522888184 3604
1719301684334 0.026841510087251663 3614
1719301685090 0.015251518227159977 3624
1719301685933 0.03988977521657944 3634
1719301687002 0.014197863638401031 3644
1719301687708 0.05055145546793938 3654
1719301688436 0.02258259244263172 3664
1719301689230 0.02560032159090042 3674
1719301689955 0.08983416110277176 3684
1719301690650 0.03412122651934624 3694
1719301691384 0.1010248139500618 3704
1719301692079 0.07120451331138611 3714
1719301692772 0.024214526638388634 3724
1719301693567 0.029779238626360893 3734
1719301694286 0.030627207830548286 3744
1719301699772 0.006135580595582724 3752
1719301700409 0.042718566954135895 3762
1719301701062 0.008035748265683651 3772
1719301701702 0.011648229323327541 3782
1719301702371 0.030010702088475227 3792
1719301703162 0.08794345706701279 3802
1719301703863 0.08635582774877548 3812
1719301704541 0.018089627847075462 3822
1719301705251 0.029832424595952034 3832
1719301705967 0.008970722556114197 3842
1719301706630 0.03343239426612854 3852
1719301707328 0.003919838462024927 3862
1719301708036 0.0059907822869718075 3872
1719301708719 0.01215808279812336 3882
1719301709435 0.010125674307346344 3892
1719301710134 0.04035073146224022 3902
1719301710847 0.042216770350933075 3912
1719301711537 0.02597406506538391 3922
1719301712253 0.06348121911287308 3932
1719301712942 0.057693589478731155 3942
1719301713642 0.12266141176223755 3952
1719301714384 0.016720544546842575 3962
1719301715112 0.013111897744238377 3972
1719301715865 0.021741993725299835 3982
1719301716609 0.03444426879286766 3992
1719301717262 0.02677111141383648 4002
1719301717926 0.04841535538434982 4012
1719301718635 0.019169341772794724 4022
1719301719301 0.06481797993183136 4032
1719301719971 0.05069868639111519 4042
1719301720654 0.0344538576900959 4052
1719301721294 0.03370876982808113 4062
1719301721905 0.002666433108970523 4072
1719301722523 0.014551354572176933 4082
1719301723164 0.06696212291717529 4092
1719301723815 0.01460164412856102 4102
1719301724450 0.013257000595331192 4112
1719301725100 0.03730574622750282 4122
1719301725715 0.004174193367362022 4132
1719301726345 0.10307298600673676 4142
1719301726986 0.0016414530109614134 4152
1719301727623 0.014972315169870853 4162
1719301728275 0.0972820520401001 4172
1719301728947 0.013082185760140419 4182
1719301729616 0.06223670765757561 4192
1719301730421 0.008531248196959496 4202
1719301731092 0.011588768102228642 4212
1719301731777 0.01029980555176735 4222
1719301732447 0.018497798591852188 4232
1719301733275 0.07244586944580078 4242
1719301734001 0.07287105917930603 4252
1719301734659 0.007998048327863216 4262
1719301735324 0.02056438848376274 4272
1719301736060 0.007577062584459782 4282
1719301736734 0.018056338652968407 4292
1719301737425 0.06970367580652237 4302
1719301738111 0.014567581005394459 4312
1719301738787 0.024411294609308243 4322
1719301739454 0.0450824536383152 4332
1719301740125 0.022457391023635864 4342
1719301740798 0.1414845585823059 4352
1719301741482 0.05519415810704231 4362
1719301742140 0.020581644028425217 4372
1719301742826 0.01724460907280445 4382
1719301743544 0.02046775259077549 4392
1719301744251 0.1065635234117508 4402
1719301744943 0.023836735635995865 4412
1719301745619 0.024042945355176926 4422
1719301746368 0.007066529244184494 4432
1719301747055 0.059590790420770645 4442
1719301747735 0.02381816878914833 4452
1719301748402 0.014329025521874428 4462
1719301749084 0.023832838982343674 4472
1719301749748 0.027719764038920403 4482
1719301750407 0.020063864067196846 4492
1719301751070 0.21215593814849854 4502
1719301751760 0.01582133024930954 4512
1719301752422 0.0506761334836483 4522
1719301753104 0.03688538074493408 4532
1719301753848 0.024448933079838753 4542
1719301754506 0.09816562384366989 4552
1719301755168 0.026397783309221268 4562
1719301755883 0.004893955774605274 4572
1719301756586 0.005296874325722456 4582
1719301757229 0.024032138288021088 4592
1719301757894 0.023959023877978325 4602
1719301758582 0.00843699648976326 4612
1719301759236 0.05194516479969025 4622
1719301759880 0.050385601818561554 4632
1719301760595 0.015539602376520634 4642
1719301761265 0.10881299525499344 4652
1719301761921 0.04088491201400757 4662
1719301762622 0.045586369931697845 4672
1719301763366 0.008711595088243484 4682
